day	sum	infected	cured	deceased
0	0.000000	0.000000	0.000000	0.000000
1	0.393388	0.390535	0.000001	0.002852
2	0.884780	0.872496	0.000004	0.012280
3	1.498690	1.468839	0.000011	0.029841
4	2.265358	2.207879	0.000024	0.057455
5	3.222991	3.125393	0.000048	0.097550
6	4.419471	4.266209	0.000090	0.153172
7	5.915017	5.686682	0.000162	0.228172
8	7.781155	7.453794	0.000278	0.327083
9	10.111022	9.654745	0.000464	0.455812
10	13.023201	12.400519	0.000768	0.621913
11	16.661929	15.826072	0.001257	0.834600
12	21.210313	20.102634	0.002056	1.105623
13	26.884077	25.432161	0.003279	1.448637
14	33.964390	32.077747	0.005176	1.881467
15	42.812927	40.377565	0.008198	2.427164
16	53.871865	50.744865	0.012995	3.114005
17	67.687851	63.690051	0.020680	3.977120
18	84.932945	79.841000	0.032586	5.059358
19	106.433281	99.969642	0.050626	6.413013
20	133.276994	125.090625	0.078904	8.107466
21	166.817315	156.464151	0.123755	10.229409
22	208.683409	195.605574	0.194229	12.883606
23	260.951041	244.440312	0.306741	16.203988
24	326.053471	305.232515	0.475794	20.345162
25	407.168638	380.922826	0.735299	25.510512
26	508.328437	475.224109	1.144212	31.960117
27	634.418727	592.621456	1.786524	40.010748
28	791.380603	738.528756	2.801269	50.050578
29	986.536181	919.616924	4.363797	62.555460
30	1228.721447	1143.912141	6.710663	78.098643
31	1529.147513	1421.391865	10.334791	97.420857
32	1901.433039	1764.008177	15.991998	121.432863
33	2361.606005	2185.683125	24.707018	151.215862
34	2928.682209	2702.348876	38.253818	188.079515
35	3625.694356	3333.599524	58.498227	233.596605
36	4479.278743	4100.922786	88.700588	289.655368
37	5519.637803	5026.906311	134.236679	358.494814
38	6780.540106	6135.237671	202.597719	442.704717
39	8299.133931	7450.558954	303.361596	545.213381
40	10111.512059	8993.802497	448.647305	669.062257
41	12261.758939	10785.453192	658.084783	818.220964
42	14789.509783	12836.408318	956.343495	996.757969
43	17724.545736	15144.104268	1371.972672	1208.468797
44	21086.793881	17692.516539	1937.401308	1456.876034
45	24886.327233	20452.159742	2688.938163	1745.229328
46	29123.364747	23380.087595	3666.771765	2076.505387
47	33788.196932	26421.213660	4913.578162	2453.405109
48	38847.681316	29505.728588	6464.796748	2877.155980
49	44250.096430	32556.594575	8346.275113	3347.226742
50	49941.706002	35505.274345	10574.063584	3862.368072
51	55867.217785	38292.248664	13154.323559	4420.645562
52	61969.783563	40867.016345	16083.327500	5019.439718
53	68190.999144	43188.094247	19347.458933	5655.445963
54	74470.904363	45223.017275	22923.212454	6324.674634
55	80754.835115	46954.572339	26777.927698	7022.335078
56	87003.982156	48385.562978	30874.746579	7743.672600
57	93183.931825	49522.434681	35177.089289	8484.407855
58	99265.772487	50376.056087	39649.333494	9240.382905
59	105226.106036	50961.730462	44256.815091	10007.560484
60	111047.047896	51299.195701	48965.828199	10782.023996
61	116716.227017	51412.624331	53743.625170	11559.977517
62	122226.605532	51330.549637	58558.327539	12337.728356
63	127572.492697	51079.206506	63381.379458	13111.906733
64	132751.569677	50675.398894	68195.525406	13880.645377
65	137763.571603	50135.027005	72986.153029	14642.391569
66	142609.102144	49474.142194	77739.350269	15395.609681
67	147289.633512	48708.946970	82441.905371	16138.781171
68	151807.506462	47855.794993	87081.306879	16870.404590
69	156165.930289	46931.191078	91645.743637	17588.995574
70	160368.982830	45951.791189	96124.104788	18293.086853
71	164421.588345	44934.264906	100506.078151	18981.245289
72	168328.178751	43887.065647	104788.028477	19653.084628
73	172092.971238	42814.443000	108969.794475	20308.733763
74	175720.506886	41722.522279	113049.913723	20948.070884
75	179215.281541	40617.269903	117027.035474	21570.976164
76	182581.745812	39504.493396	120899.920652	22177.331765
77	185824.305076	38389.841388	124667.441858	22767.021830
78	188947.319472	37278.803618	128328.583365	23339.932490
79	191955.103904	36176.710926	131882.441120	23895.951858
80	194851.883105	35088.035864	135328.782420	24435.064821
81	197641.616161	34014.253274	138669.733784	24957.629103
82	200328.122767	32956.437758	141907.656728	25464.028282
83	202915.120246	31915.737292	145044.762622	25954.620332
84	205406.222762	30893.357686	148083.125168	26429.739907
85	207804.941324	29890.562584	151024.680402	26889.698338
86	210114.683783	28908.673460	153871.226690	27334.783632
87	212338.754834	27949.069624	156624.424732	27765.260477
88	214480.356015	27013.188218	159285.797559	28181.370238
89	216542.586120	26102.512267	161856.741201	28583.332652
90	218528.433263	25217.287987	164339.624962	28971.520314
91	220440.671139	24356.691578	166737.558089	29346.421472
92	222281.958533	23520.207983	169053.284363	29708.466187
93	224054.879768	22707.398783	171289.417015	30058.063971
94	225761.944709	21917.902196	173448.438720	30395.603793
95	227405.588761	21151.433082	175532.701605	30721.454075
96	228988.172869	20407.782935	177544.427242	31035.962692
97	230511.983518	19686.819891	179485.706651	31339.456975
98	231979.232733	18988.488723	181358.500302	31632.243708
99	233392.058079	18312.810841	183164.638109	31914.609129
100	234752.523244	17659.876662	184905.826539	32186.820042
101	236062.627753	17029.091441	186584.308998	32449.227314
102	237324.196197	16419.452264	188202.530572	32702.213361
103	238538.962026	15830.215959	189762.632996	32946.113070
104	239708.613203	15260.690607	191266.674348	33181.248248
105	240834.792204	14710.235541	192716.629051	33407.927612
106	241919.096014	14178.261347	194114.387870	33626.446796
107	242963.076132	13664.229863	195461.757918	33837.088351
108	243968.238569	13167.654178	196760.462650	34040.121740
109	244936.043845	12688.098637	198012.141866	34235.803343
110	245867.906996	12225.178833	199218.351710	34424.376453
111	246765.197567	11778.561615	200380.564671	34606.071281
112	247629.239614	11347.965082	201500.169582	34781.104950
113	248461.315599	10933.120524	202578.507902	34949.687173
114	249262.661418	10533.283375	203617.292327	35112.085716
115	250034.361244	10147.792069	204618.032570	35268.536606
116	250777.452305	9776.104620	205582.094334	35419.253352
117	251492.947380	9417.704847	206510.799865	35564.442669
118	252181.834801	9072.102373	207405.427950	35704.304478
119	252845.078451	8738.832627	208267.213917	35839.031906
120	253483.617764	8417.456842	209097.349637	35968.811285
121	254098.367727	8107.562056	209896.983518	36093.822153
122	254690.218877	7808.761110	210667.220513	36214.237254
123	255260.037305	7520.692652	211409.122116	36330.222536
124	255808.664651	7243.021134	212123.706361	36441.937156
125	256336.918108	6975.436812	212811.947824	36549.533472
126	256845.590421	6717.655748	213474.777621	36653.157053
127	257335.449887	6469.419807	214113.083411	36752.946669
128	257807.241770	6230.491773	214727.714846	36849.035152
129	258261.714889	6000.424007	215319.706623	36941.584260
130	258699.480334	5778.798411	215889.948784	37030.733139
131	259121.090117	5565.304598	216439.187134	37116.598385
132	259527.086112	5359.642605	216968.149695	37199.293812
133	259918.000051	5161.522894	217477.546701	37278.930456
134	260294.353524	4970.666348	217968.070605	37355.616571
135	260656.657982	4786.804278	218440.396073	37429.457631
136	261005.414732	4609.678417	218895.179985	37500.556330
137	261341.114943	4439.040922	219333.061440	37569.012581
138	261664.239642	4274.654376	219754.661748	37634.923517
139	261975.259713	4116.291785	220160.584438	37698.383490
140	262274.635902	3963.736577	220551.415251	37759.484074
141	262562.818812	3816.782609	220927.722145	37818.314058
142	262840.248905	3675.234157	221290.055293	37874.959455
143	263107.356503	3538.905924	221638.947083	37929.503496
144	263364.561786	3407.623037	221974.912118	37982.026631
145	263612.274794	3281.221048	222298.447216	38032.606530
146	263850.895425	3159.545929	222610.031412	38081.318084
147	264080.813431	3042.454064	222910.125965	38128.233403
148	264302.366493	2929.719785	223199.218057	38173.428650
149	264515.813365	2821.117827	223477.726271	38216.969266
150	264721.412794	2716.508085	223745.995535	38258.909174
151	264919.419432	2615.753718	224004.364410	38299.301304
152	265110.083829	2518.721145	224253.165094	38338.197590
153	265293.652441	2425.280052	224492.723420	38375.648970
154	265470.367625	2335.303382	224723.358854	38411.705389
155	265640.467638	2248.667344	224945.384499	38446.415795
156	265804.186642	2165.251409	225159.107090	38479.828143
157	265961.754699	2084.938311	225364.826999	38511.989390
158	266113.397775	2007.614044	225562.838231	38542.945500
159	266259.337737	1933.167867	225753.428428	38572.741442
160	266399.792353	1861.492300	225936.878864	38601.421189
161	266534.975296	1792.483127	226113.464451	38629.027718
162	266665.096138	1726.039393	226283.453732	38655.603013
163	266790.360356	1662.063407	226447.108888	38681.188062
164	266910.969327	1600.460738	226604.685732	38705.822857
165	267027.120331	1541.140221	226756.433714	38729.546397
166	267139.006550	1484.013950	226902.595917	38752.396683
167	267246.817068	1428.997284	227043.409061	38774.410723
168	267350.736261	1376.008692	227179.103102	38795.624467
169	267450.888444	1324.961799	227309.860243	38816.066401
170	267547.373201	1275.785372	227435.828211	38835.759619
171	267640.308049	1228.417884	227557.161839	38854.728326
172	267729.808623	1182.799004	227674.013305	38872.996315
173	267815.988674	1138.869590	227786.532126	38890.586958
174	267898.960072	1096.571694	227894.865161	38907.523217
175	267978.832807	1055.848558	227999.156614	38923.827634
176	268055.714983	1016.644618	228099.548028	38939.522338
177	268129.712827	978.905498	228196.178287	38954.629041
178	268200.930681	942.578019	228289.183620	38969.169041
179	268269.471005	907.610189	228378.697596	38983.163220
180	268335.434380	873.951212	228464.851126	38996.632042
181	268398.919501	841.551480	228547.772462	39009.595560
182	268460.023184	810.362579	228627.587199	39022.073406
183	268518.840363	780.337287	228704.418275	39034.084802
184	268575.464089	751.429572	228778.385967	39045.648550
185	268629.985532	723.594597	228849.607896	39056.783039
186	268682.493980	696.788715	228918.199023	39067.506242
187	268733.076838	670.969469	228984.271654	39077.835715
188	268781.819630	646.095596	229047.935434	39087.788599
189	268828.804034	622.127383	229109.295343	39097.381308
190	268874.079831	599.033334	229168.421668	39106.624829
191	268917.695989	576.785994	229225.380500	39115.529495
192	268959.705869	555.357833	229280.241793	39124.106242
193	269000.161974	534.721805	229333.074343	39132.365826
194	269039.115949	514.851344	229383.945786	39140.318819
195	269076.618584	495.720370	229432.922599	39147.975615
196	269112.719810	477.303285	229480.070100	39155.346425
197	269147.468703	459.574975	229525.452448	39162.441280
198	269180.913481	442.510808	229569.132644	39169.270029
199	269213.101505	426.086638	229611.172528	39175.842340
200	269244.079279	410.278799	229651.632782	39182.167698
201	269273.892450	395.064110	229690.572930	39188.255411
202	269302.585809	380.419872	229728.051334	39194.114602
203	269330.203288	366.323872	229764.125202	39199.754215
204	269356.787963	352.754376	229798.850577	39205.183010
205	269382.382055	339.690137	229832.282347	39210.409570
206	269407.026924	327.110390	229864.474240	39215.442294
207	269430.763076	314.994852	229895.478825	39220.289399
208	269453.630160	303.323724	229925.347512	39224.958924
209	269475.666967	292.077692	229954.130550	39229.458724
210	269496.908990	281.238832	229981.874137	39233.796021
211	269517.376581	270.795409	230008.606019	39237.975153
212	269537.093157	260.735206	230034.357013	39242.000938
213	269556.082946	251.045800	230059.158815	39245.878331
214	269574.369787	241.714977	230083.042604	39249.612206
215	269591.977127	232.730731	230106.039040	39253.207356
216	269608.928026	224.081264	230128.178266	39256.668495
217	269625.245149	215.754988	230149.489908	39260.000253
218	269640.950773	207.740520	230170.003072	39263.207181
219	269656.066785	200.026688	230189.746349	39266.293749
220	269670.614681	192.602528	230208.747808	39269.264344
221	269684.615566	185.457285	230227.035005	39272.123276
222	269698.090155	178.580410	230244.634975	39274.874769
223	269711.058772	171.961565	230261.574236	39277.522970
224	269723.541351	165.590618	230277.878788	39280.071945
225	269735.557437	159.457648	230293.574114	39282.525675
226	269747.126182	153.552940	230308.685177	39284.888065
227	269758.266349	147.866988	230323.236425	39287.162936
228	269768.996311	142.390495	230337.251786	39289.354029
229	269779.334048	137.114373	230350.754671	39291.465005
230	269789.297154	132.029739	230363.767973	39293.499441
231	269798.900608	127.128927	230376.311281	39295.460400
232	269808.153210	122.407185	230388.396310	39297.349715
233	269817.065973	117.858871	230400.037466	39299.169636
234	269825.649896	113.478357	230411.249126	39300.922413
235	269833.915805	109.260112	230422.045437	39302.610255
236	269841.874344	105.198695	230432.440310	39304.235339
237	269849.535981	101.288757	230442.447422	39305.799802
238	269856.911006	97.525043	230452.080216	39307.305746
239	269864.009531	93.902391	230461.351903	39308.755237
240	269870.841490	90.415730	230470.275459	39310.150302
241	269877.416640	87.060083	230478.863624	39311.492934
242	269883.744559	83.830564	230487.128908	39312.785088
243	269889.834647	80.722381	230495.083583	39314.028683
244	269895.696127	77.730835	230502.739691	39315.225601
245	269901.338043	74.851318	230510.109037	39316.377689
246	269906.769263	72.079315	230517.203193	39317.486755
247	269911.998475	69.410404	230524.033499	39318.554572
248	269917.034190	66.840256	230530.611059	39319.582875
249	269921.884742	64.364634	230536.946743	39320.573365
250	269926.558286	61.979393	230543.051188	39321.527704
251	269931.062799	59.680483	230548.934798	39322.447519
252	269935.404359	57.464779	230554.605527	39323.334053
253	269939.587067	55.330147	230560.068770	39324.188150
254	269943.615999	53.273994	230565.331159	39325.010846
255	269947.496149	51.293768	230570.399219	39325.803162
256	269951.232432	49.386961	230575.279370	39326.566101
257	269954.829682	47.551104	230579.977928	39327.300651
258	269958.292649	45.783769	230584.501099	39328.007781
259	269961.626006	44.082574	230588.854986	39328.688447
260	269964.834342	42.445174	230593.045584	39329.343584
261	269967.922166	40.869269	230597.078782	39329.974115
262	269970.893907	39.352599	230600.960365	39330.580943
263	269973.753911	37.892947	230604.696009	39331.164955
264	269976.506444	36.488135	230608.291286	39331.727023
265	269979.155691	35.136031	230611.751659	39332.268001
266	269981.705755	33.834541	230615.082488	39332.788726
267	269984.160660	32.581614	230618.289025	39333.290021
268	269986.524348	31.375242	230621.376417	39333.772689
269	269988.800678	30.213456	230624.349704	39334.237518
270	269990.993430	29.094332	230627.213819	39334.685279
271	269993.106304	28.015984	230629.973591	39335.116729
272	269995.142894	26.976582	230632.633713	39335.532599
273	269997.105590	25.974898	230635.197312	39335.933380
274	269998.996400	25.009903	230637.667016	39336.319481
275	270000.817628	24.080420	230640.045834	39336.691374
276	270002.571542	23.185290	230642.336730	39337.049522
277	270004.260373	22.323375	230644.542619	39337.394380
278	270005.886317	21.493554	230646.666367	39337.726396
279	270007.451529	20.694727	230648.710791	39338.046011
280	270008.958132	19.925810	230650.678662	39338.353659
281	270010.408207	19.185742	230652.572701	39338.649763
282	270011.803801	18.473476	230654.395582	39338.934744
283	270013.146925	17.787988	230656.149928	39339.209010
284	270014.439551	17.128270	230657.838316	39339.472964
285	270015.683614	16.493336	230659.463276	39339.727002
286	270016.881014	15.882216	230661.027286	39339.971512
287	270018.033613	15.293960	230662.532779	39340.206873
288	270019.143235	14.727638	230663.982138	39340.433459
289	270020.211669	14.182337	230665.377698	39340.651634
290	270021.240666	13.657164	230666.721745	39340.861756
291	270022.231939	13.151245	230668.016519	39341.064175
292	270023.187168	12.663725	230669.264210	39341.259233
293	270024.107942	12.193792	230670.466896	39341.447255
294	270024.995214	11.740958	230671.625821	39341.628435
295	270025.849955	11.304726	230672.742256	39341.802973
296	270026.673212	10.884563	230673.817567	39341.971082
297	270027.466015	10.479942	230674.853100	39342.132972
298	270028.229377	10.090347	230675.850179	39342.288851
299	270028.964293	9.715270	230676.810103	39342.438921
300	270029.671744	9.354209	230677.734153	39342.583382
301	270030.352692	9.006675	230678.623586	39342.722432
302	270031.008083	8.672184	230679.479636	39342.856262
303	270031.638844	8.350262	230680.303518	39342.985064
304	270032.245890	8.040444	230681.096423	39343.109023
305	270032.830114	7.742273	230681.859520	39343.228322
306	270033.392395	7.455300	230682.593955	39343.343140
307	270033.933596	7.179087	230683.300856	39343.453653
308	270034.454559	6.913201	230683.981324	39343.560034
309	270034.956115	6.657221	230684.636441	39343.662452
310	270035.439073	6.410733	230685.267268	39343.761072
311	270035.904228	6.173330	230685.874840	39343.856057
312	270036.352357	5.944618	230686.460174	39343.947566
313	270036.784222	5.724207	230687.024263	39344.035753
314	270037.200510	5.511746	230687.568005	39344.120759
315	270037.601613	5.307035	230688.091914	39344.202664
316	270037.987996	5.109837	230688.596596	39344.281563
317	270038.360134	4.919909	230689.082671	39344.357554
318	270038.718494	4.737013	230689.550750	39344.430731
319	270039.063536	4.560914	230690.001433	39344.501189
320	270039.395712	4.391381	230690.435311	39344.569019
321	270039.715467	4.228188	230690.852966	39344.634313
322	270040.023238	4.071111	230691.254967	39344.697160
323	270040.319454	3.919930	230691.641876	39344.757648
324	270040.604537	3.774432	230692.014243	39344.815862
325	270040.878901	3.634405	230692.372609	39344.871887
326	270041.142951	3.499641	230692.717504	39344.925806
327	270041.397087	3.369938	230693.049449	39344.977701
328	270041.641700	3.245094	230693.368955	39345.027651
329	270041.877172	3.124916	230693.676522	39345.075734
330	270042.103880	3.009211	230693.972641	39345.122028
331	270042.322190	2.897791	230694.257792	39345.166607
332	270042.532465	2.790473	230694.532447	39345.209545
333	270042.735056	2.687076	230694.797065	39345.250915
334	270042.930307	2.587425	230695.052097	39345.290785
335	270043.118509	2.491373	230695.297920	39345.329216
336	270043.299832	2.398831	230695.534759	39345.366242
337	270043.474494	2.309689	230695.762897	39345.401908
338	270043.642710	2.223836	230695.982617	39345.436258
339	270043.804694	2.141164	230696.194195	39345.469335
340	270043.960653	2.061567	230696.397904	39345.501182
341	270044.110793	1.984940	230696.594013	39345.531841
342	270044.255316	1.911180	230696.782784	39345.561352
343	270044.394421	1.840185	230696.964478	39345.589757
344	270044.528301	1.771856	230697.139349	39345.617096
345	270044.657148	1.706096	230697.307646	39345.643407
346	270044.781151	1.642809	230697.469615	39345.668728
347	270044.900494	1.581900	230697.625497	39345.693098
348	270045.015357	1.523277	230697.775527	39345.716553
349	270045.125918	1.466850	230697.919939	39345.739129
350	270045.232350	1.412529	230698.058958	39345.760863
351	270045.334825	1.360229	230698.192807	39345.781788
352	270045.433509	1.309864	230698.321705	39345.801940
353	270045.528565	1.261350	230698.445865	39345.821350
354	270045.620154	1.214606	230698.565496	39345.840053
355	270045.708431	1.169551	230698.680801	39345.858079
356	270045.793513	1.126128	230698.791933	39345.875453
357	270045.875481	1.084294	230698.898997	39345.892191
358	270045.954436	1.043998	230699.002125	39345.908313
359	270046.030474	1.005190	230699.101444	39345.923840
360	270046.103692	0.967822	230699.197079	39345.938791
361	270046.174185	0.931844	230699.289155	39345.953186
362	270046.242047	0.897209	230699.377794	39345.967043
363	270046.307368	0.863871	230699.463115	39345.980382
364	270046.370239	0.831783	230699.545236	39345.993220
365	270046.430749	0.800901	230699.624271	39346.005576
366	270046.488984	0.771180	230699.700336	39346.017468
367	270046.545029	0.742576	230699.773540	39346.028912
368	270046.598968	0.715047	230699.843994	39346.039927
369	270046.650883	0.688551	230699.911804	39346.050528
370	270046.700855	0.663047	230699.977076	39346.060732
371	270046.748963	0.638494	230700.039913	39346.070556
372	270046.795283	0.614853	230700.100415	39346.080014
373	270046.839892	0.592086	230700.158682	39346.089124
374	270046.882863	0.570155	230700.214810	39346.097898
375	270046.924270	0.549022	230700.268894	39346.106354
376	270046.964182	0.528652	230700.321026	39346.114504
377	270047.002645	0.509022	230700.371266	39346.122358
378	270047.039699	0.490110	230700.419664	39346.129924
379	270047.075389	0.471895	230700.466282	39346.137212
380	270047.109760	0.454353	230700.511176	39346.144231
381	270047.142855	0.437462	230700.554404	39346.150989
382	270047.174718	0.421200	230700.596022	39346.157495
383	270047.205390	0.405546	230700.636086	39346.163759
384	270047.234914	0.390478	230700.674649	39346.169787
385	270047.263330	0.375975	230700.711765	39346.175590
386	270047.290678	0.362018	230700.747486	39346.181174
387	270047.316998	0.348585	230700.781865	39346.186549
388	270047.342329	0.335657	230700.814951	39346.191721
389	270047.366708	0.323214	230700.846794	39346.196700
390	270047.390172	0.311239	230700.877443	39346.201491
391	270047.412759	0.299711	230700.906945	39346.206103
392	270047.434504	0.288613	230700.935347	39346.210544
393	270047.455442	0.277927	230700.962695	39346.214819
394	270047.475607	0.267635	230700.989035	39346.218937
395	270047.495033	0.257721	230701.014408	39346.222904
396	270047.513753	0.248167	230701.038860	39346.226726
397	270047.531798	0.238957	230701.062429	39346.230411
398	270047.549186	0.230083	230701.085141	39346.233962
399	270047.565936	0.221534	230701.107020	39346.237382
400	270047.582069	0.213300	230701.128092	39346.240676
401	270047.597605	0.205371	230701.148385	39346.243849
402	270047.612564	0.197736	230701.167925	39346.246904
403	270047.626966	0.190386	230701.186736	39346.249845
404	270047.640830	0.183310	230701.204844	39346.252675
405	270047.654174	0.176500	230701.222273	39346.255400
406	270047.667017	0.169945	230701.239049	39346.258023
407	270047.679377	0.163637	230701.255194	39346.260547
408	270047.691273	0.157565	230701.270732	39346.262976
409	270047.702722	0.151722	230701.285685	39346.265314
410	270047.713740	0.146099	230701.300078	39346.267564
411	270047.724346	0.140686	230701.313930	39346.269729
412	270047.734555	0.135476	230701.327265	39346.271814
413	270047.744383	0.130459	230701.340103	39346.273821
414	270047.753848	0.125629	230701.352465	39346.275754
415	270047.762963	0.120977	230701.364372	39346.277615
416	270047.771746	0.116495	230701.375842	39346.279409
417	270047.780209	0.112175	230701.386897	39346.281137
418	270047.788367	0.108011	230701.397553	39346.282803
419	270047.796228	0.104000	230701.407820	39346.284408
420	270047.803799	0.100135	230701.417710	39346.285954
421	270047.811092	0.096413	230701.427236	39346.287443
422	270047.818115	0.092829	230701.436409	39346.288877
423	270047.824876	0.089378	230701.445240	39346.290258
424	270047.831386	0.086056	230701.453743	39346.291587
425	270047.837652	0.082858	230701.461927	39346.292867
426	270047.843683	0.079780	230701.469805	39346.294098
427	270047.849488	0.076817	230701.477387	39346.295283
428	270047.855074	0.073966	230701.484684	39346.296424
429	270047.860451	0.071222	230701.491707	39346.297522
430	270047.865625	0.068581	230701.498465	39346.298579
431	270047.870605	0.066039	230701.504970	39346.299596
432	270047.875399	0.063593	230701.511231	39346.300575
433	270047.880013	0.061238	230701.517258	39346.301517
434	270047.884456	0.058970	230701.523061	39346.302424
435	270047.888734	0.056787	230701.528649	39346.303298
436	270047.892855	0.054684	230701.534032	39346.304139
437	270047.896825	0.052658	230701.539217	39346.304950
438	270047.900651	0.050705	230701.544215	39346.305731
439	270047.904340	0.048822	230701.549033	39346.306484
440	270047.907893	0.047009	230701.553674	39346.307210
441	270047.911316	0.045262	230701.558145	39346.307909
442	270047.914612	0.043579	230701.562451	39346.308582
443	270047.917787	0.041959	230701.566597	39346.309230
444	270047.920843	0.040400	230701.570589	39346.309854
445	270047.923785	0.038898	230701.574432	39346.310455
446	270047.926617	0.037453	230701.578131	39346.311033
447	270047.929343	0.036061	230701.581692	39346.311590
448	270047.931967	0.034722	230701.585119	39346.312126
449	270047.934492	0.033434	230701.588417	39346.312641
450	270047.936922	0.032193	230701.591591	39346.313138
451	270047.939260	0.031000	230701.594645	39346.313615
452	270047.941511	0.029851	230701.597585	39346.314075
453	270047.943678	0.028745	230701.600415	39346.314517
454	270047.945763	0.027681	230701.603139	39346.314943
455	270047.947771	0.026656	230701.605762	39346.315353
456	270047.949705	0.025669	230701.608288	39346.315748
457	270047.951568	0.024718	230701.610722	39346.316128
458	270047.953363	0.023802	230701.613066	39346.316495
459	270047.955093	0.022919	230701.615326	39346.316848
460	270047.956760	0.022068	230701.617504	39346.317189
461	270047.958367	0.021248	230701.619602	39346.317517
462	270047.959914	0.020459	230701.621623	39346.317833
463	270047.961404	0.019698	230701.623569	39346.318137
464	270047.962839	0.018966	230701.625443	39346.318430
465	270047.964220	0.018261	230701.627248	39346.318712
466	270047.965550	0.017582	230701.628984	39346.318984
467	270047.966830	0.016929	230701.630656	39346.319245
468	270047.968062	0.016300	230701.632266	39346.319496
469	270047.969248	0.015695	230701.633815	39346.319739
470	270047.970389	0.015112	230701.635305	39346.319972
471	270047.971487	0.014552	230701.636740	39346.320196
472	270047.972545	0.014013	230701.638120	39346.320412
473	270047.973562	0.013493	230701.639449	39346.320619
474	270047.974541	0.012993	230701.640728	39346.320819
475	270047.975484	0.012512	230701.641960	39346.321012
476	270047.976392	0.012049	230701.643145	39346.321197
477	270047.977266	0.011603	230701.644287	39346.321376
478	270047.978108	0.011173	230701.645387	39346.321548
479	270047.978919	0.010759	230701.646447	39346.321713
480	270047.979702	0.010360	230701.647469	39346.321873
481	270047.980455	0.009975	230701.648453	39346.322027
482	270047.981181	0.009605	230701.649401	39346.322175
483	270047.981881	0.009248	230701.650315	39346.322318
484	270047.982554	0.008904	230701.651194	39346.322456
485	270047.983203	0.008573	230701.652041	39346.322588
486	270047.983827	0.008254	230701.652857	39346.322716
487	270047.984428	0.007948	230701.653642	39346.322838
488	270047.985006	0.007652	230701.654397	39346.322956
489	270047.985563	0.007368	230701.655125	39346.323070
490	270047.986099	0.007095	230701.655825	39346.323180
491	270047.986615	0.006832	230701.656498	39346.323285
492	270047.987111	0.006578	230701.657147	39346.323386
493	270047.987589	0.006334	230701.657771	39346.323484
494	270047.988049	0.006100	230701.658371	39346.323578
495	270047.988491	0.005874	230701.658950	39346.323668
496	270047.988918	0.005656	230701.659506	39346.323755
497	270047.989328	0.005447	230701.660043	39346.323839
498	270047.989724	0.005245	230701.660559	39346.323920
499	270047.990104	0.005050	230701.661056	39346.323997
500	270047.990471	0.004863	230701.661536	39346.324072