day	sum	infected	cured	deceased
0	0.000000	0.000000	0.000000	0.000000
1	0.000460	0.000458	0.000000	0.000003
2	0.001127	0.001114	0.000000	0.000012
3	0.002092	0.002060	0.000000	0.000032
4	0.003498	0.003433	0.000000	0.000066
5	0.005523	0.005403	0.000000	0.000120
6	0.008433	0.008230	0.000000	0.000203
7	0.012662	0.012333	0.000000	0.000329
8	0.018814	0.018297	0.000000	0.000518
9	0.027730	0.026933	0.000000	0.000797
10	0.040591	0.039386	0.000000	0.001205
11	0.059164	0.057365	0.000000	0.001798
12	0.086144	0.083479	0.000000	0.002665
13	0.125254	0.121327	0.000000	0.003927
14	0.181815	0.176057	0.000000	0.005758
15	0.263501	0.255095	0.000000	0.008406
16	0.382034	0.369782	0.000001	0.012251
17	0.553885	0.536049	0.000002	0.017834
18	0.802241	0.776327	0.000004	0.025909
19	1.161211	1.123625	0.000008	0.037578
20	1.682116	1.627587	0.000017	0.054512
21	2.437258	2.358136	0.000037	0.079085
22	3.527634	3.412985	0.000075	0.114574
23	5.104943	4.938908	0.000154	0.165880
24	7.393261	7.152617	0.000326	0.240318
25	10.709820	10.360803	0.000706	0.348311
26	15.495000	14.989449	0.001440	0.504111
27	22.420762	21.688278	0.002981	0.729504
28	32.460297	31.397674	0.006292	1.056331
29	46.986813	45.443786	0.013365	1.529661
30	67.950134	65.709777	0.027495	2.212863
31	98.279806	95.020382	0.057584	3.201840
32	142.115822	137.360310	0.122231	4.633281
33	205.267680	198.316601	0.252555	6.698524
34	296.174230	285.975895	0.521444	9.676892
35	426.903544	411.840700	1.088779	13.974065
36	614.084440	591.652777	2.274783	20.156880
37	880.580770	846.958672	4.611932	29.010166
38	1257.930090	1206.852169	9.413974	41.663947
39	1786.830729	1708.103807	19.093032	59.633890
40	2519.518959	2396.724855	37.840790	84.953314
41	3518.151797	3324.570710	73.294822	120.286266
42	4847.607884	4539.727196	138.981045	168.899643
43	6573.739665	6085.619136	253.534264	234.586264
44	8745.911234	7978.438439	445.824673	321.648122
45	11383.288491	10193.388594	755.403094	434.496803
46	14475.327247	12680.354499	1218.239951	576.732798
47	17981.752475	15364.622759	1866.027074	751.102642
48	21832.558304	18146.881686	2726.177702	959.498916
49	25941.406149	20920.922205	3817.713965	1202.769978
50	30231.993825	23612.801004	5139.100274	1480.092546
51	34635.164025	26164.408470	6680.828942	1789.926613
52	39094.392929	28534.520701	8429.508650	2130.363578
53	43565.797447	30698.806965	10367.864196	2499.126285
54	48018.116112	32649.803221	12474.743576	2893.569315
55	52428.874880	34389.865254	14728.136558	3310.873069
56	56783.747099	35925.526657	17109.724471	3748.495971
57	61073.512295	37267.053954	19602.422570	4204.035771
58	65291.163847	38425.583303	22190.383037	4675.197507
59	69431.908992	39413.120500	24858.994989	5159.793504
60	73493.168819	40242.540977	27594.884471	5655.743372
61	77474.578271	40927.589800	30385.914462	6161.074010
62	81377.025581	41482.624082	33220.554262	6673.847237
63	85200.466413	41919.042223	36088.989141	7192.435048
64	88945.942735	42245.868830	38984.399256	7715.674650
65	92614.602186	42471.862642	41900.289362	8242.450182
66	96207.646097	42605.544421	44830.418978	8771.682698
67	99726.329488	42655.196940	47768.802387	9302.330161
68	103171.961076	42628.864992	50709.708636	9833.387448
69	106545.903266	42534.355387	53647.661533	10363.886346
70	109849.572156	42379.236948	56577.439653	10892.895555
71	113084.437536	42170.840519	59494.076332	11419.520686
72	116252.014725	41916.180579	62392.918421	11942.915725
73	119353.663368	41619.859377	65271.213988	12462.590004
74	122390.698995	41285.291951	68127.179665	12978.227379
75	125364.452039	40916.069076	70958.899654	13489.483308
76	128276.229677	40515.682354	73764.522633	13996.024691
77	131127.315834	40087.524208	76542.261755	14497.529871
78	133918.971178	39634.887887	79290.394655	14993.688636
79	136652.433124	39160.967465	82007.263441	15484.202218
80	139328.915830	38668.857839	84691.274701	15968.783291
81	141949.610202	38161.554731	87340.899498	16447.155973
82	144515.683888	37641.954687	89954.673375	16919.055826
83	147028.282532	37112.791560	92531.251157	17384.239815
84	149488.527635	36575.781899	95070.128628	17842.617108
85	151897.499690	36032.029699	97571.285815	18294.184177
86	154256.257655	35482.640940	100034.682868	18738.933848
87	156565.841656	34928.717679	102460.267315	19176.856663
88	158827.272982	34371.358048	104847.974050	19607.940884
89	161041.554085	33811.656256	107197.725341	20032.172487
90	163209.668583	33250.702586	109509.430828	20449.535169
91	165332.581259	32689.583397	111782.987521	20860.010340
92	167411.238060	32129.381124	114018.279803	21263.577133
93	169446.566097	31571.174276	116215.179426	21660.212394
94	171439.473645	31016.037440	118373.545516	22049.890689
95	173390.850147	30465.041277	120493.224569	22432.584301
96	175301.570092	29919.034518	122574.238408	22808.297166
97	177172.485173	29378.055045	124617.276382	23177.153746
98	179004.412458	28842.220248	126622.931164	23539.261046
99	180798.154439	28311.678671	128591.756694	23894.719075
100	182554.499770	27786.593610	130524.282690	24243.623470
101	184274.223262	27267.143115	132421.014652	24586.065496
102	185958.085888	26753.519987	134282.433857	24922.132044
103	187606.834779	26245.931783	136108.997362	25251.905633
104	189221.203226	25744.600811	137901.138006	25575.464409
105	190801.910682	25249.764132	139659.264404	25892.882146
106	192349.662756	24761.673561	141383.760954	26204.228242
107	193865.151220	24280.595665	143074.987830	26509.567725
108	195349.054004	23806.811765	144733.280988	26808.961250
109	196802.035199	23340.617936	146358.952164	27102.465099
110	198224.745098	22882.324104	147952.289670	27390.131324
111	199617.828352	22431.910814	149513.856050	27672.061488
112	200981.899414	21989.104480	151044.403531	27948.391402
113	202317.549634	21553.772479	152544.545371	28219.231785
114	203625.360758	21125.794544	154014.876217	28484.689996
115	204905.904919	20705.062772	155455.972112	28744.870036
116	206159.744646	20291.481614	156868.390487	28999.872545
117	207387.432858	19884.967885	158252.670168	29249.794805
118	208589.512863	19485.450756	159609.331370	29494.730737
119	209766.518366	19092.871761	160938.875703	29734.770902
120	210918.973459	18707.184789	162241.786165	29970.002504
121	212047.392628	18328.356093	163518.527149	30200.509385
122	213152.280751	17956.364283	164769.544440	30426.372029
123	214234.133097	17591.200327	165995.265212	30647.667559
124	215293.435327	17232.867556	167196.098033	30864.469738
125	216330.663492	16881.381657	168372.432862	31076.848973
126	217346.284038	16536.770679	169524.641052	31284.872307
127	218340.753800	16199.075030	170653.075344	31488.603426
128	219314.527901	15868.192802	171758.207582	31688.127517
129	220268.041446	15543.833114	172840.652723	31883.555609
130	221201.702197	15225.844808	173900.884213	32074.973177
131	222115.911620	14914.084791	174939.363327	32262.463501
132	223011.065002	14608.416691	175956.540420	32446.107891
133	223887.551457	14308.710846	176952.854927	32625.985684
134	224745.753923	14014.844314	177928.735365	32802.174244
135	225586.049162	13726.700867	178884.599328	32974.748967
136	226408.807759	13444.170993	179820.853492	33143.783273
137	227214.394124	13167.151894	180737.893614	33309.348616
138	228003.166492	12895.547490	181636.104529	33471.514473
139	228775.476922	12629.268415	182515.860153	33630.348354
140	229531.671297	12368.232020	183377.523482	33785.915794
141	230272.089323	12112.362371	184221.446593	33938.280359
142	230997.064533	11861.590249	185047.970643	34087.503642
143	231706.924281	11615.853151	185857.425866	34233.645264
144	232401.989749	11375.095291	186650.131581	34376.762877
145	233082.575940	11139.267596	187426.396184	34516.912159
146	233748.991682	10908.327711	188186.517152	34654.146818
147	234401.539628	10682.239996	188930.781042	34788.518590
148	235040.519855	10460.949752	189659.488373	34920.081731
149	235666.234330	10244.250028	190373.070232	35048.914071
150	236278.947714	10032.015286	191071.857144	35175.075285
151	236878.916580	9824.144377	191756.152124	35298.620078
152	237466.393981	9620.539108	192426.252703	35419.602170
153	238041.629457	9421.104239	193082.450931	35538.074287
154	238604.869026	9225.747484	193725.033375	35654.088166
155	239156.355192	9034.379514	194354.281121	35767.694557
156	239696.326941	8846.913952	194970.469771	35878.943217
157	240225.019742	8663.267380	195573.869446	35987.882915
158	240742.665545	8483.359330	196164.744785	36094.561430
159	241249.492786	8307.112292	196743.354945	36199.025550
160	241745.726382	8134.451709	197309.953598	36301.321074
161	242231.587732	7965.305980	197864.788939	36401.492813
162	242707.294718	7799.606457	198408.103676	36499.584585
163	243173.061707	7637.287449	198940.135038	36595.639220
164	243629.099546	7478.286218	199461.114769	36689.698559
165	244075.615566	7322.542982	199971.269133	36781.803452
166	244512.813581	7170.000912	200470.818911	36871.993759
167	244940.893888	7020.606135	200959.979403	36960.308351
168	245360.053266	6874.307733	201438.960424	37046.785109
169	245770.484976	6731.057742	201907.966310	37131.460924
170	246172.378764	6590.811153	202367.195913	37214.371699
171	246565.920857	6453.525912	202816.842602	37295.552343
172	246951.293967	6319.162919	203257.094267	37375.036780
173	247328.682704	6187.672853	203688.149066	37452.860786
174	247698.285109	6058.931824	204110.279693	37529.073593
175	248060.252306	5932.868983	204523.674175	37603.709148
176	248414.726973	5809.427205	204928.501759	37676.798009
177	248761.850238	5688.550516	205324.929404	37748.370318
178	249101.761681	5570.184093	205713.121783	37818.455805
179	249434.599335	5454.274267	206093.241279	37887.083789
180	249760.499681	5340.768517	206465.447991	37954.283174
181	250079.597654	5229.615478	206829.899726	38020.082450
182	250392.026639	5120.764934	207186.752009	38084.509697
183	250697.918472	5014.167820	207536.158072	38147.592580
184	250997.403440	4909.776226	207878.268863	38209.358351
185	251290.610282	4807.543391	208213.233041	38269.833850
186	251577.666189	4707.423707	208541.196979	38329.045503
187	251858.696801	4609.372717	208862.304761	38387.019324
188	252133.826212	4513.347115	209176.698183	38443.780913
189	252403.176964	4419.304750	209484.516756	38499.355458
190	252666.870053	4327.204618	209785.897702	38553.767733
191	252925.024925	4237.006871	210080.975954	38607.042100
192	253177.759477	4148.672809	210369.884160	38659.202507
193	253425.190058	4062.164888	210652.752680	38710.272490
194	253667.431467	3977.446711	210929.709585	38760.275171
195	253904.596957	3894.483037	211200.880659	38809.233260
196	254136.798229	3813.239774	211466.389401	38857.169054
197	254364.145436	3733.683982	211726.357019	38904.104435
198	254586.747184	3655.783874	211980.902436	38950.060875
199	254804.710529	3579.508814	212230.142285	38995.059430
200	255018.140977	3504.829316	212474.190914	39039.120747
201	255227.142488	3431.717050	212713.160383	39082.265055
202	255431.817471	3360.144834	212947.160463	39124.512174
203	255632.266786	3290.086638	213176.298639	39165.881510
204	255828.589747	3221.517585	213400.680107	39206.392055
205	256020.884116	3154.413950	213620.407778	39246.062388
206	256209.243725	3088.733059	213835.597281	39284.913385
207	256393.744470	3024.416118	214046.362706	39322.965646
208	256574.454538	2961.434764	214252.785838	39360.233936
209	256751.441505	2899.761582	214454.947142	39396.732781
210	256924.772355	2839.369631	214652.926178	39432.476546
211	257094.513481	2780.232445	214846.801604	39467.479433
212	257260.730686	2722.324033	215036.651174	39501.755478
213	257423.489180	2665.618879	215222.551742	39535.318559
214	257582.853584	2610.091940	215404.579258	39568.182386
215	257738.887927	2555.718650	215582.808769	39600.360509
216	257891.655647	2502.474914	215757.314419	39631.866314
217	258041.219592	2450.337116	215928.169451	39662.713026
218	258187.642018	2399.282111	216095.446204	39692.913703
219	258330.984590	2349.287231	216259.216115	39722.481244
220	258471.308382	2300.330281	216419.549718	39751.428383
221	258608.673878	2252.389542	216576.516644	39779.767692
222	258743.140968	2205.443767	216730.185623	39807.511578
223	258874.768956	2159.472187	216880.624480	39834.672288
224	259003.616551	2114.454506	217027.900140	39861.261905
225	259129.741871	2070.370903	217172.078622	39887.292347
226	259253.202446	2027.202030	217313.225045	39912.775371
227	259374.055212	1984.929015	217451.403625	39937.722572
228	259492.356515	1943.533461	217586.677675	39962.145379
229	259608.162112	1902.997445	217719.109605	39986.055062
230	259721.527164	1863.303519	217848.760923	40009.462723
231	259832.506247	1824.434708	217975.692233	40032.379306
232	259941.153342	1786.374514	218099.963239	40054.815589
233	260047.521839	1749.106912	218221.632739	40076.782188
234	260151.664540	1712.616353	218340.758632	40098.289556
235	260253.633653	1676.887760	218457.397911	40119.347982
236	260353.480797	1641.906533	218571.606668	40139.967595
237	260451.256997	1607.658547	218683.440093	40160.158357
238	260547.012692	1574.130149	218792.952472	40179.930071
239	260640.797724	1541.308163	218900.197188	40199.292373
240	260732.661350	1509.179885	219005.226724	40218.254740
241	260822.652230	1477.733090	219108.092658	40236.826483
242	260910.818439	1446.956023	219208.845665	40255.016752
243	260997.206236	1416.836750	219307.535041	40272.834446
244	261081.834312	1387.350680	219404.197448	40290.286184
245	261164.725839	1358.479552	219498.867983	40307.378304
246	261245.911706	1330.210140	219591.584015	40324.117552
247	261325.422529	1302.529476	219682.382461	40340.510592
248	261403.288652	1275.424857	219771.299785	40356.564009
249	261479.540145	1248.883841	219858.372000	40372.284304
250	261554.206807	1222.894245	219943.634665	40387.677897
251	261627.318162	1197.444149	220027.122887	40402.751126
252	261698.903464	1172.521895	220108.871320	40417.510248
253	261768.991692	1148.116087	220188.914167	40431.961439
254	261837.611553	1124.215587	220267.285176	40446.110790
255	261904.791482	1100.809523	220344.017645	40459.964314
256	261970.559640	1077.887281	220419.144418	40473.527941
257	262034.943916	1055.438509	220492.697888	40486.807518
258	262097.971926	1033.453119	220564.709993	40499.808813
259	262159.671013	1011.921282	220635.212221	40512.537510
260	262220.068248	990.833430	220704.235607	40524.999212
261	262279.190429	970.180258	220771.810731	40537.199440
262	262337.064080	949.952722	220837.967724	40549.143634
263	262393.715455	930.142040	220902.736263	40560.837152
264	262449.170533	910.739690	220966.145572	40572.285270
265	262503.455019	891.737412	221028.224424	40583.493184
266	262556.594350	873.127208	221089.001137	40594.466005
267	262608.613685	854.901342	221148.503578	40605.208765
268	262659.537914	837.052337	221206.759163	40615.726414
269	262709.391653	819.572981	221263.794853	40626.023819
270	262758.199243	802.456319	221319.637158	40636.105766
271	262805.984757	785.695662	221374.312134	40645.976961
272	262852.771991	769.284579	221427.845387	40655.642025
273	262898.584470	753.216903	221480.262068	40665.105499
274	262943.445446	737.486727	221531.586876	40674.371843
275	262987.377899	722.088405	221581.844059	40683.445435
276	263030.404535	707.016553	221631.057412	40692.330570
277	263072.547789	692.266050	221679.250276	40701.031463
278	263113.829820	677.832033	221726.445540	40709.552247
279	263154.272518	663.709905	221772.665642	40717.896971
280	263193.897498	649.895325	221817.932567	40726.069606
281	263232.718782	636.377775	221862.267103	40734.073904
282	263270.744219	623.143811	221905.687286	40741.913122
283	263307.987905	610.186977	221948.210525	40749.590403
284	263344.463828	597.500979	221989.854001	40757.108849
285	263380.185855	585.079664	222030.634671	40764.471520
286	263415.167726	572.917026	222070.569262	40771.681439
287	263449.423058	561.007201	222109.674275	40778.741582
288	263482.965344	549.344470	222147.965985	40785.654889
289	263515.807953	537.923259	222185.460437	40792.424257
290	263547.964128	526.738136	222222.173450	40799.052541
291	263579.446990	515.783814	222258.120618	40805.542558
292	263610.269535	505.055151	222293.317305	40811.897079
293	263640.444635	494.547146	222327.778649	40818.118840
294	263669.985038	484.254946	222361.519560	40824.210532
295	263698.903366	474.173840	222394.554721	40830.174805
296	263727.212120	464.299260	222426.898590	40836.014270
297	263754.923675	454.626785	222458.565395	40841.731495
298	263782.050281	445.152134	222489.569137	40847.329010
299	263808.604066	435.871174	222519.923592	40852.809300
300	263834.597031	426.779913	222549.642307	40858.174811
301	263860.041056	417.874505	222578.738602	40863.427949
302	263884.947895	409.151248	222607.225570	40868.571077
303	263909.329178	400.606583	222635.116078	40873.606518
304	263933.196411	392.237094	222662.422763	40878.536554
305	263956.560975	384.039512	222689.158037	40883.363425
306	263979.434129	376.010710	222715.334086	40888.089332
307	264001.827005	368.147706	222740.962865	40892.716434
308	264023.750613	360.447661	222766.056105	40897.246847
309	264045.215839	352.907881	222790.625308	40901.682649
310	264066.233442	345.525815	222814.681751	40906.025876
311	264086.814060	338.299057	222838.236481	40910.278522
312	264106.968205	331.225345	222861.300319	40914.442541
313	264126.706266	324.302560	222883.883861	40918.519845
314	264146.038507	317.528729	222905.997471	40922.512307
315	264164.975068	310.902020	222927.651291	40926.421756
316	264183.525965	304.420749	222948.855233	40930.249983
317	264201.701089	298.083371	222969.618981	40933.998737
318	264219.508860	291.886723	222989.952349	40937.669788
319	264236.952343	285.821811	223009.865552	40941.264981
320	264254.037544	279.884814	223029.366912	40944.785818
321	264270.770853	274.072624	223048.464476	40948.233753
322	264287.158608	268.382213	223067.166177	40951.610218
323	264303.207086	262.810637	223085.479826	40954.916622
324	264318.922510	257.355030	223103.413123	40958.154357
325	264334.311047	252.012608	223120.973649	40961.324790
326	264349.378805	246.780667	223138.168868	40964.429270
327	264364.131838	241.656585	223155.006130	40967.469123
328	264378.576141	236.637819	223171.492667	40970.445654
329	264392.717654	231.721910	223187.635594	40973.360150
330	264406.562260	226.906476	223203.441912	40976.213873
331	264420.115787	222.189218	223218.918503	40979.008066
332	264433.384002	217.567918	223234.072134	40981.743951
333	264446.372621	213.040438	223248.909455	40984.422728
334	264459.087299	208.604720	223263.437001	40987.045577
335	264471.533637	204.258790	223277.661190	40989.613657
336	264483.717178	200.000750	223291.588321	40992.128106
337	264495.643409	195.828788	223305.224582	40994.590040
338	264507.317762	191.741169	223318.576039	40997.000555
339	264518.745609	187.736239	223331.648645	40999.360724
340	264529.932268	183.812429	223344.448236	41001.671603
341	264540.883000	179.968245	223356.980531	41003.934224
342	264551.603008	176.202277	223369.251134	41006.149598
343	264562.097441	172.513196	223381.265530	41008.318715
344	264572.371390	168.899753	223393.029091	41010.442546
345	264582.429888	165.360780	223404.547070	41012.522038
346	264592.277914	161.895190	223415.824604	41014.558120
347	264601.920389	158.501976	223426.866715	41016.551698
348	264611.362177	155.180212	223437.678308	41018.503657
349	264620.608088	151.929055	223448.264170	41020.414863
350	264629.662872	148.747739	223458.628975	41022.286157
351	264638.531224	145.635583	223468.777277	41024.118364
352	264647.217782	142.591983	223478.713515	41025.912284
353	264655.727130	139.616417	223488.442014	41027.668698
354	264664.063791	136.708446	223497.966978	41029.388366
355	264672.232109	133.867471	223507.292595	41031.072042
356	264680.233942	131.088703	223516.424494	41032.720745
357	264688.071574	128.369154	223525.367142	41034.335278
358	264695.747925	125.707261	223534.124335	41035.916330
359	264703.265891	123.101506	223542.699811	41037.464574
360	264710.628341	120.550419	223551.097248	41038.980674
361	264717.838117	118.052575	223559.320260	41040.465283
362	264724.898039	115.606595	223567.372402	41041.919042
363	264731.810897	113.211146	223575.257168	41043.342583
364	264738.579458	110.864942	223582.977992	41044.736525
365	264745.206462	108.566740	223590.538245	41046.101477
366	264751.694624	106.315348	223597.941239	41047.438037
367	264758.046632	104.109615	223605.190225	41048.746792
368	264764.265151	101.948440	223612.288393	41050.028318
369	264770.352816	99.830765	223619.238871	41051.283179
370	264776.312239	97.755579	223626.044729	41052.511931
371	264782.146006	95.721919	223632.708973	41053.715114
372	264787.856677	93.728865	223639.234549	41054.893263
373	264793.446787	91.775546	223645.624344	41056.046897
374	264798.918843	89.861133	223651.881183	41057.176526
375	264804.275327	87.984848	223658.007829	41058.282650
376	264809.518698	86.145954	223664.006986	41059.365757
377	264814.651386	84.343765	223669.881297	41060.426324
378	264819.675796	82.577637	223675.633343	41061.464817
379	264824.594308	80.846974	223681.265644	41062.481690
380	264829.409276	79.151226	223686.780661	41063.477389
381	264834.123026	77.489888	223692.180793	41064.452346
382	264838.737863	75.862501	223697.468378	41065.406983
383	264843.256061	74.268655	223702.645694	41066.341713
384	264847.679872	72.707982	223707.714957	41067.256934
385	264852.011521	71.180162	223712.678324	41068.153036
386	264856.253206	69.684920	223717.537889	41069.030397
387	264860.407102	68.222030	223722.295687	41069.889385
388	264864.475354	66.791308	223726.953690	41070.730356
389	264868.460086	65.392619	223731.513813	41071.553655
390	264872.363393	64.025872	223735.977905	41072.359616
391	264876.187345	62.691023	223740.347759	41073.148563
392	264879.933988	61.388074	223744.625104	41073.920809
393	264883.604550	60.115166	223748.812559	41074.676825
394	264887.199691	58.869548	223752.913010	41075.417134
395	264890.720769	57.650451	223756.928259	41076.142060
396	264894.169130	56.457136	223760.860072	41076.851922
397	264897.546109	55.288892	223764.710184	41077.547033
398	264900.853026	54.145027	223768.480298	41078.227702
399	264904.091190	53.024877	223772.172084	41078.894228
400	264907.261897	51.927804	223775.787183	41079.546910
401	264910.366428	50.853192	223779.327200	41080.186036
402	264913.406053	49.800451	223782.793711	41080.811891
403	264916.382030	48.769016	223786.188261	41081.424754
404	264919.295603	47.758346	223789.512360	41082.024897
405	264922.148002	46.767925	223792.767489	41082.612588
406	264924.940446	45.797262	223795.955095	41083.188089
407	264927.674141	44.845891	223799.076595	41083.751654
408	264930.350278	43.913370	223802.133373	41084.303535
409	264932.970038	42.999283	223805.126781	41084.843974
410	264935.534588	42.103236	223808.058141	41085.373211
411	264938.045082	41.224864	223810.928740	41085.891478
412	264940.502660	40.363823	223813.739835	41086.399003
413	264942.908452	39.519795	223816.492653	41086.896005
414	264945.263573	38.692487	223819.188385	41087.382701
415	264947.569125	37.881632	223821.828193	41087.859300
416	264949.826199	37.086985	223824.413207	41088.326007
417	264952.035871	36.308328	223826.944524	41088.783019
418	264954.199205	35.545466	223829.423210	41089.230529
419	264956.317253	34.798230	223831.850299	41089.668723
420	264958.391052	34.066475	223834.226794	41090.097783
421	264960.421630	33.350083	223836.553663	41090.517884
422	264962.409997	32.648957	223838.831846	41090.929194
423	264964.357155	31.963027	223841.062249	41091.331878
424	264966.264090	31.292248	223843.245747	41091.726094
425	264968.131775	30.636599	223845.383183	41092.111993
426	264969.961174	29.996084	223847.475367	41092.489723
427	264971.753233	29.370732	223849.523079	41092.859423
428	264973.508887	28.760585	223851.527072	41093.221230
429	264975.228623	28.164270	223853.488924	41093.575429
430	264976.912875	27.580553	223855.410047	41093.922275
431	264978.562300	27.009102	223857.291279	41094.261919
432	264980.177552	26.449601	223859.133442	41094.594509
433	264981.759276	25.901741	223860.937344	41094.920191
434	264983.308110	25.365225	223862.703777	41095.239108
435	264984.824684	24.839763	223864.433519	41095.551402
436	264986.309623	24.325080	223866.127335	41095.857208
437	264987.763545	23.820909	223867.785972	41096.156664
438	264989.187059	23.326994	223869.410164	41096.449901
439	264990.580767	22.843087	223871.000631	41096.737049
440	264991.945267	22.368954	223872.558077	41097.018235
441	264993.281146	21.904369	223874.083192	41097.293584
442	264994.588986	21.449118	223875.576650	41097.563218
443	264995.869363	21.002995	223877.039112	41097.827255
444	264997.122843	20.565805	223878.471224	41098.085813
445	264998.349988	20.137367	223879.873615	41098.339006
446	264999.551350	19.717504	223881.246903	41098.586943
447	265000.727477	19.306055	223882.591687	41098.829735
448	265001.878909	18.902866	223883.908556	41099.067487
449	265003.006176	18.507795	223885.198079	41099.300301
450	265004.109805	18.120710	223886.460815	41099.528280
451	265005.190314	17.741488	223887.697306	41099.751520
452	265006.248214	17.370019	223888.908079	41099.970116
453	265007.284010	17.006200	223890.093647	41100.184163
454	265008.298198	16.649942	223891.254508	41100.393748
455	265009.291268	16.301163	223892.391145	41100.598960
456	265010.263705	15.959794	223893.504027	41100.799884
457	265011.215983	15.625775	223894.593608	41100.996600
458	265012.148571	15.299056	223895.660326	41101.189189
459	265013.061932	14.979599	223896.704607	41101.377726
460	265013.956520	14.667374	223897.726859	41101.562287
461	265014.832781	14.362351	223898.727487	41101.742944
462	265015.691038	14.063975	223899.707233	41101.919830
463	265016.531588	13.771850	223900.666685	41102.093053
464	265017.354759	13.485831	223901.606245	41102.262684
465	265018.160876	13.205773	223902.526308	41102.428795
466	265018.950260	12.931538	223903.427266	41102.591457
467	265019.723230	12.662990	223904.309502	41102.750738
468	265020.480099	12.399997	223905.173394	41102.906708
469	265021.221180	12.142432	223906.019315	41103.059433
470	265021.946780	11.890171	223906.847629	41103.208980
471	265022.657202	11.643092	223907.658697	41103.355413
472	265023.352748	11.401080	223908.452872	41103.498796
473	265024.033714	11.164021	223909.230502	41103.639191
474	265024.700395	10.931807	223909.991926	41103.776661
475	265025.353080	10.704332	223910.737482	41103.911266
476	265025.992056	10.481494	223911.467496	41104.043065
477	265026.617606	10.263197	223912.182292	41104.172117
478	265027.230010	10.049345	223912.882187	41104.298478
479	265027.829545	9.839848	223913.567491	41104.422205
480	265028.416482	9.634621	223914.238508	41104.543353
481	265028.991092	9.433580	223914.895537	41104.661975
482	265029.553640	9.236647	223915.538869	41104.778124
483	265030.104388	9.043745	223916.168790	41104.891852
484	265030.643595	8.854805	223916.785581	41105.003209
485	265031.171517	8.669758	223917.389514	41105.112245
486	265031.688405	8.488539	223917.980858	41105.219008
487	265032.194509	8.311091	223918.559872	41105.323546
488	265032.690071	8.137355	223919.126814	41105.425903
489	265033.175335	7.967279	223919.681931	41105.526126
490	265033.650538	7.800814	223920.225467	41105.624257
491	265034.115915	7.637917	223920.757658	41105.720341
492	265034.571696	7.478544	223921.278734	41105.814418
493	265035.018109	7.322659	223921.788922	41105.906528
494	265035.455378	7.170228	223922.288438	41105.996713
495	265035.883707	7.021100	223922.777582	41106.085024
496	265036.303256	6.875103	223923.256638	41106.171515
497	265036.714182	6.732165	223923.725798	41106.256218
498	265037.116637	6.592217	223924.185251	41106.339169
499	265037.510776	6.455190	223924.635184	41106.420402
500	265037.896748	6.321017	223925.075783	41106.499949
501	265038.274705	6.189633	223925.507228	41106.577843
502	265038.644794	6.060975	223925.929701	41106.654118
503	265039.007163	5.934980	223926.343378	41106.728805
504	265039.361957	5.811589	223926.748434	41106.801935
505	265039.709322	5.690743	223927.145040	41106.873539
506	265040.049400	5.572385	223927.533367	41106.943649
507	265040.382334	5.456459	223927.913581	41107.012294
508	265040.708263	5.342912	223928.285847	41107.079504
509	265041.027328	5.231692	223928.650327	41107.145308
510	265041.339665	5.122748	223929.007181	41107.209736
511	265041.645411	5.016032	223929.356565	41107.272815
512	265041.944702	4.911495	223929.698633	41107.334573
513	265042.237670	4.809093	223930.033539	41107.395038
514	265042.524449	4.708782	223930.361431	41107.454237
515	265042.805169	4.610518	223930.682456	41107.512195
516	265043.079961	4.514262	223930.996758	41107.568941
517	265043.348952	4.419974	223931.304480	41107.624498
518	265043.612269	4.327617	223931.605760	41107.678892
519	265043.870038	4.237155	223931.900736	41107.732148
520	265044.122384	4.148553	223932.189541	41107.784289
521	265044.369429	4.061779	223932.472308	41107.835341
522	265044.611295	3.976803	223932.749166	41107.885326
523	265044.848102	3.893594	223933.020241	41107.934267
524	265045.079969	3.812124	223933.285658	41107.982186
525	265045.307013	3.732369	223933.545538	41108.029105
526	265045.529351	3.654303	223933.800001	41108.075047
527	265045.747098	3.577903	223934.049163	41108.120032
528	265045.960366	3.503148	223934.293138	41108.164080
529	265046.169269	3.430019	223934.532039	41108.207211
530	265046.373916	3.358497	223934.765973	41108.249447
531	265046.574418	3.288566	223934.995047	41108.290804
532	265046.770874	3.220201	223935.219369	41108.331304
533	265046.963319	3.153301	223935.439051	41108.370966
534	265047.151813	3.087816	223935.654189	41108.409808
535	265047.336426	3.023709	223935.864872	41108.447845
536	265047.517229	2.960947	223936.071187	41108.485094
537	265047.694290	2.899498	223936.273221	41108.521570
538	265047.867678	2.839329	223936.471060	41108.557288
539	265048.037460	2.780409	223936.664787	41108.592265
540	265048.203705	2.722707	223936.854485	41108.626513
541	265048.366478	2.666194	223937.040235	41108.660049
542	265048.525847	2.610843	223937.222117	41108.692887
543	265048.681875	2.556624	223937.400210	41108.725040
544	265048.834628	2.503513	223937.574592	41108.756524
545	265048.984171	2.451483	223937.745338	41108.787351
546	265049.130566	2.400509	223937.912522	41108.817535
547	265049.273877	2.350568	223938.076220	41108.847089
548	265049.414166	2.301637	223938.236502	41108.876027
549	265049.551494	2.253694	223938.393439	41108.904361
550	265049.685923	2.206718	223938.547101	41108.932104
551	265049.817513	2.160690	223938.697556	41108.959267
552	265049.946324	2.115589	223938.844871	41108.985864
553	265050.072414	2.071398	223938.989111	41109.011905
554	265050.195844	2.028099	223939.130341	41109.037404
555	265050.316670	1.985677	223939.268623	41109.062369
556	265050.434950	1.944116	223939.404020	41109.086814
557	265050.550740	1.903401	223939.536591	41109.110749
558	265050.664098	1.863518	223939.666395	41109.134184
559	265050.775077	1.824456	223939.793490	41109.157131
560	265050.883733	1.786203	223939.917932	41109.179598
561	265050.990120	1.748748	223940.039777	41109.201596
562	265051.094292	1.712080	223940.159077	41109.223135
563	265051.196302	1.676192	223940.275886	41109.244224
564	265051.296202	1.641075	223940.390254	41109.264872
565	265051.394043	1.606722	223940.502232	41109.285089
566	265051.489877	1.573127	223940.611867	41109.304883
567	265051.583755	1.540286	223940.719207	41109.324262
568	265051.675726	1.508193	223940.824297	41109.343236
569	265051.765839	1.476845	223940.927183	41109.361811
570	265051.854119	1.446194	223941.027925	41109.379999
571	265051.940588	1.416198	223941.126579	41109.397811
572	265052.025279	1.386840	223941.223186	41109.415252
573	265052.108223	1.358103	223941.317788	41109.432332
574	265052.189452	1.329969	223941.410426	41109.449057
575	265052.268998	1.302424	223941.501139	41109.465435
576	265052.346890	1.275451	223941.589967	41109.481472
577	265052.423161	1.249035	223941.676949	41109.497176
578	265052.497840	1.223162	223941.762123	41109.512554
579	265052.570957	1.197819	223941.845527	41109.527612
580	265052.642543	1.172991	223941.927196	41109.542357
581	265052.712628	1.148666	223942.007167	41109.556795
582	265052.781239	1.124831	223942.085475	41109.570933
583	265052.848408	1.101475	223942.162155	41109.584777
584	265052.914161	1.078587	223942.237241	41109.598333
585	265052.978528	1.056155	223942.310766	41109.611608
586	265053.041538	1.034170	223942.382762	41109.624606
587	265053.103217	1.012621	223942.453261	41109.637334
588	265053.163593	0.991501	223942.522295	41109.649798
589	265053.222695	0.970799	223942.589893	41109.662002
590	265053.280548	0.950509	223942.656087	41109.673953
591	265053.337180	0.930621	223942.720903	41109.685655
592	265053.392617	0.911131	223942.784372	41109.697114
593	265053.446886	0.892030	223942.846521	41109.708334
594	265053.500011	0.873313	223942.907376	41109.719322
595	265053.552020	0.854975	223942.966965	41109.730080
596	265053.602937	0.837011	223943.025312	41109.740614
597	265053.652788	0.819416	223943.082443	41109.750929
598	265053.701596	0.802186	223943.138382	41109.761028
599	265053.749388	0.785319	223943.193152	41109.770916
600	265053.796186	0.768811	223943.246777	41109.780598
601	265053.842015	0.752660	223943.299278	41109.790077
602	265053.886899	0.736865	223943.350678	41109.799357
603	265053.930860	0.721423	223943.400996	41109.808441
604	265053.973923	0.706336	223943.450253	41109.817334
605	265054.016109	0.691602	223943.498468	41109.826039
606	265054.057442	0.677222	223943.545661	41109.834559
607	265054.097937	0.663180	223943.591856	41109.842900
608	265054.137599	0.649441	223943.637092	41109.851067
609	265054.176445	0.635994	223943.681387	41109.859064
610	265054.214487	0.622831	223943.724762	41109.866895
611	265054.251742	0.609944	223943.767235	41109.874563
612	265054.288224	0.597326	223943.808826	41109.882072
613	265054.323947	0.584970	223943.849552	41109.889425
614	265054.358926	0.572867	223943.889433	41109.896625
615	265054.393175	0.561013	223943.928486	41109.903676
616	265054.426708	0.549399	223943.966728	41109.910580
617	265054.459539	0.538021	223944.004177	41109.917341
618	265054.491682	0.526871	223944.040849	41109.923962
619	265054.523150	0.515945	223944.076760	41109.930446
620	265054.553957	0.505236	223944.111926	41109.936795
621	265054.584116	0.494741	223944.146364	41109.943012
622	265054.613641	0.484453	223944.180087	41109.949101
623	265054.642544	0.474369	223944.213112	41109.955063
624	265054.670839	0.464484	223944.245453	41109.960902
625	265054.698538	0.454794	223944.277124	41109.966620
626	265054.725653	0.445295	223944.308138	41109.972220
627	265054.752198	0.435985	223944.338510	41109.977703
628	265054.778184	0.426859	223944.368252	41109.983073
629	265054.803624	0.417915	223944.397378	41109.988331
630	265054.828529	0.409150	223944.425899	41109.993480
631	265054.852912	0.400563	223944.453827	41109.998523
632	265054.876785	0.392150	223944.481175	41110.003460
633	265054.900158	0.383910	223944.507953	41110.008295
634	265054.923043	0.375841	223944.534173	41110.013029
635	265054.945452	0.367943	223944.559845	41110.017664
636	265054.967395	0.360214	223944.584980	41110.022201
637	265054.988884	0.352653	223944.609587	41110.026644
638	265055.009930	0.345261	223944.633676	41110.030993
639	265055.030542	0.338036	223944.657256	41110.035250
640	265055.050733	0.330980	223944.680336	41110.039417
641	265055.070511	0.324092	223944.702924	41110.043495
642	265055.089886	0.317367	223944.725032	41110.047487
643	265055.108862	0.310786	223944.746681	41110.051395
644	265055.127446	0.304343	223944.767880	41110.055223
645	265055.145645	0.298034	223944.788640	41110.058971
646	265055.163466	0.291857	223944.808968	41110.062641
647	265055.180917	0.285808	223944.828874	41110.066235
648	265055.198004	0.279884	223944.848366	41110.069754
649	265055.214735	0.274082	223944.867454	41110.073200
650	265055.231117	0.268398	223944.886145	41110.076575
651	265055.247157	0.262831	223944.904447	41110.079879
652	265055.262861	0.257376	223944.922369	41110.083115
653	265055.278236	0.252033	223944.939919	41110.086283
654	265055.293288	0.246797	223944.957105	41110.089386
655	265055.308025	0.241668	223944.973933	41110.092424
656	265055.322452	0.236641	223944.990412	41110.095399
657	265055.336577	0.231716	223945.006548	41110.098313
658	265055.350405	0.226890	223945.022349	41110.101165
659	265055.363942	0.222161	223945.037822	41110.103959
660	265055.377195	0.217527	223945.052974	41110.106695
661	265055.390170	0.212987	223945.067811	41110.109373
662	265055.402873	0.208538	223945.082339	41110.111996
663	265055.415310	0.204180	223945.096565	41110.114565
664	265055.427486	0.199910	223945.110496	41110.117080
665	265055.439407	0.195728	223945.124137	41110.119542
666	265055.451079	0.191632	223945.137493	41110.121954
667	265055.462508	0.187621	223945.150572	41110.124315
668	265055.473698	0.183694	223945.163377	41110.126627
669	265055.484656	0.179850	223945.175916	41110.128891
670	265055.495387	0.176088	223945.188192	41110.131107
671	265055.505896	0.172408	223945.200210	41110.133277
672	265055.516188	0.168809	223945.211977	41110.135401
673	265055.526268	0.165291	223945.223496	41110.137481
674	265055.536142	0.161853	223945.234772	41110.139517
675	265055.545812	0.158489	223945.245813	41110.141510
676	265055.555284	0.155196	223945.256626	41110.143462
677	265055.564559	0.151971	223945.267214	41110.145374
678	265055.573643	0.148814	223945.277583	41110.147246
679	265055.582538	0.145722	223945.287737	41110.149079
680	265055.591249	0.142695	223945.297680	41110.150874
681	265055.599778	0.139730	223945.307416	41110.152632
682	265055.608129	0.136826	223945.316949	41110.154353
683	265055.616305	0.133983	223945.326284	41110.156039
684	265055.624311	0.131198	223945.335424	41110.157689
685	265055.632149	0.128470	223945.344374	41110.159305
686	265055.639823	0.125798	223945.353138	41110.160887
687	265055.647335	0.123181	223945.361718	41110.162436
688	265055.654690	0.120617	223945.370120	41110.163953
689	265055.661890	0.118106	223945.378346	41110.165438
690	265055.668939	0.115646	223945.386401	41110.166892
691	265055.675840	0.113237	223945.394287	41110.168316
692	265055.682595	0.110876	223945.402009	41110.169710
693	265055.689209	0.108564	223945.409570	41110.171075
694	265055.695683	0.106299	223945.416972	41110.172412
695	265055.702021	0.104080	223945.424221	41110.173721
696	265055.708227	0.101907	223945.431318	41110.175002
697	265055.714302	0.099778	223945.438267	41110.176257
698	265055.720249	0.097693	223945.445071	41110.177485
699	265055.726073	0.095651	223945.451734	41110.178688
700	265055.731774	0.093652	223945.458257	41110.179866
701	265055.737357	0.091694	223945.464644	41110.181019
702	265055.742824	0.089778	223945.470898	41110.182148
703	265055.748177	0.087902	223945.477022	41110.183253
704	265055.753419	0.086065	223945.483018	41110.184336
705	265055.758553	0.084269	223945.488889	41110.185396
706	265055.763581	0.082511	223945.494637	41110.186434
707	265055.768507	0.080791	223945.500265	41110.187450
708	265055.773332	0.079110	223945.505777	41110.188445
709	265055.778058	0.077465	223945.511174	41110.189419
710	265055.782687	0.075854	223945.516459	41110.190374
711	265055.787221	0.074277	223945.521636	41110.191308
712	265055.791661	0.072733	223945.526705	41110.192223
713	265055.796010	0.071221	223945.531669	41110.193120
714	265055.800268	0.069741	223945.536530	41110.193997
715	265055.804438	0.068291	223945.541291	41110.194857
716	265055.808522	0.066871	223945.545952	41110.195698
717	265055.812520	0.065481	223945.550516	41110.196522
718	265055.816434	0.064120	223945.554985	41110.197329
719	265055.820266	0.062786	223945.559361	41110.198119
720	265055.824018	0.061480	223945.563645	41110.198893
721	265055.827691	0.060201	223945.567840	41110.199650
722	265055.831287	0.058948	223945.571947	41110.200392
723	265055.834807	0.057721	223945.575968	41110.201118
724	265055.838253	0.056519	223945.579905	41110.201828
725	265055.841626	0.055342	223945.583760	41110.202524
726	265055.844928	0.054188	223945.587534	41110.203206
727	265055.848160	0.053058	223945.591229	41110.203873
728	265055.851324	0.051951	223945.594846	41110.204526
729	265055.854421	0.050867	223945.598388	41110.205165
730	265055.857452	0.049805	223945.601856	41110.205791
731	265055.860420	0.048765	223945.605251	41110.206404
732	265055.863325	0.047746	223945.608575	41110.207004
733	265055.866169	0.046748	223945.611829	41110.207592
734	265055.868953	0.045770	223945.615015	41110.208167
735	265055.871678	0.044813	223945.618135	41110.208731
736	265055.874347	0.043875	223945.621190	41110.209282
737	265055.876960	0.042957	223945.624180	41110.209822
738	265055.879518	0.042059	223945.627109	41110.210351
739	265055.882023	0.041179	223945.629976	41110.210868
740	265055.884476	0.040318	223945.632783	41110.211375
741	265055.886879	0.039475	223945.635532	41110.211871
742	265055.889232	0.038650	223945.638224	41110.212357
743	265055.891537	0.037844	223945.640860	41110.212833
744	265055.893795	0.037055	223945.643441	41110.213299
745	265055.896008	0.036284	223945.645969	41110.213756
746	265055.898176	0.035529	223945.648444	41110.214203
747	265055.900299	0.034791	223945.650867	41110.214640
748	265055.902379	0.034069	223945.653241	41110.215069
749	265055.904416	0.033362	223945.655566	41110.215488
750	265055.906411	0.032669	223945.657842	41110.215899
751	265055.908364	0.031991	223945.660071	41110.216302
752	265055.910277	0.031327	223945.662254	41110.216696
753	265055.912150	0.030677	223945.664392	41110.217082
754	265055.913985	0.030040	223945.666485	41110.217460
755	265055.915780	0.029417	223945.668534	41110.217830
756	265055.917539	0.028806	223945.670541	41110.218192
757	265055.919260	0.028208	223945.672506	41110.218547
758	265055.920945	0.027622	223945.674430	41110.218894
759	265055.922595	0.027047	223945.676314	41110.219234
760	265055.924210	0.026485	223945.678158	41110.219567
761	265055.925791	0.025934	223945.679964	41110.219893
762	265055.927339	0.025394	223945.681733	41110.220213
763	265055.928854	0.024865	223945.683464	41110.220525
764	265055.930337	0.024346	223945.685159	41110.220831
765	265055.931789	0.023838	223945.686819	41110.221131
766	265055.933210	0.023341	223945.688445	41110.221424
767	265055.934601	0.022853	223945.690036	41110.221712
768	265055.935963	0.022375	223945.691594	41110.221993
769	265055.937296	0.021907	223945.693120	41110.222268
770	265055.938600	0.021449	223945.694613	41110.222538
771	265055.939878	0.021000	223945.696076	41110.222802
772	265055.941128	0.020560	223945.697508	41110.223061
773	265055.942353	0.020129	223945.698910	41110.223314
774	265055.943552	0.019707	223945.700283	41110.223562
775	265055.944725	0.019293	223945.701628	41110.223805
776	265055.945875	0.018889	223945.702944	41110.224042
777	265055.947000	0.018493	223945.704232	41110.224275
778	265055.948103	0.018106	223945.705494	41110.224503
779	265055.949182	0.017727	223945.706730	41110.224726
780	265055.950240	0.017356	223945.707939	41110.224944
781	265055.951275	0.016994	223945.709123	41110.225158
782	265055.952290	0.016640	223945.710283	41110.225367
783	265055.953285	0.016295	223945.711418	41110.225572
784	265055.954259	0.015956	223945.712529	41110.225773
785	265055.955213	0.015626	223945.713618	41110.225969
786	265055.956147	0.015302	223945.714684	41110.226162
787	265055.957062	0.014985	223945.715728	41110.226350
788	265055.957959	0.014674	223945.716750	41110.226535
789	265055.958836	0.014370	223945.717751	41110.226715
790	265055.959696	0.014073	223945.718731	41110.226892
791	265055.960537	0.013781	223945.719690	41110.227066
792	265055.961361	0.013496	223945.720630	41110.227235
793	265055.962168	0.013216	223945.721550	41110.227401
794	265055.962958	0.012942	223945.722452	41110.227564
795	265055.963731	0.012673	223945.723334	41110.227723
796	265055.964488	0.012410	223945.724198	41110.227879
797	265055.965229	0.012153	223945.725044	41110.228032
798	265055.965954	0.011900	223945.725872	41110.228182
799	265055.966664	0.011653	223945.726684	41110.228328
800	265055.967359	0.011410	223945.727478	41110.228472
801	265055.968040	0.011172	223945.728256	41110.228612
802	265055.968706	0.010939	223945.729017	41110.228750
803	265055.969358	0.010711	223945.729763	41110.228884
804	265055.969996	0.010487	223945.730494	41110.229016
805	265055.970621	0.010267	223945.731209	41110.229145
806	265055.971233	0.010052	223945.731909	41110.229272
807	265055.971831	0.009841	223945.732595	41110.229395
808	265055.972417	0.009635	223945.733266	41110.229517
809	265055.972991	0.009433	223945.733923	41110.229635
810	265055.973553	0.009234	223945.734567	41110.229752
811	265055.974103	0.009040	223945.735197	41110.229865
812	265055.974641	0.008850	223945.735815	41110.229977
813	265055.975169	0.008664	223945.736419	41110.230086
814	265055.975685	0.008482	223945.737010	41110.230193
815	265055.976191	0.008304	223945.737590	41110.230297
816	265055.976686	0.008130	223945.738157	41110.230400
817	265055.977171	0.007959	223945.738712	41110.230500
818	265055.977646	0.007793	223945.739255	41110.230598
819	265055.978112	0.007631	223945.739787	41110.230694
820	265055.978568	0.007472	223945.740308	41110.230788
821	265055.979015	0.007317	223945.740817	41110.230880
822	265055.979452	0.007166	223945.741317	41110.230970
823	265055.979881	0.007017	223945.741805	41110.231058
824	265055.980301	0.006872	223945.742284	41110.231145
825	265055.980712	0.006730	223945.742752	41110.231229
826	265055.981114	0.006591	223945.743211	41110.231312
827	265055.981508	0.006454	223945.743661	41110.231393
828	265055.981894	0.006321	223945.744101	41110.231473
829	265055.982272	0.006190	223945.744532	41110.231551
830	265055.982642	0.006062	223945.744954	41110.231627
831	265055.983004	0.005936	223945.745367	41110.231701
832	265055.983359	0.005813	223945.745771	41110.231774
833	265055.983706	0.005693	223945.746168	41110.231846
834	265055.984046	0.005574	223945.746556	41110.231916
835	265055.984379	0.005459	223945.746936	41110.231985
836	265055.984704	0.005345	223945.747308	41110.232052
837	265055.985023	0.005234	223945.747672	41110.232118
838	265055.985336	0.005125	223945.748029	41110.232182
839	265055.985641	0.005018	223945.748378	41110.232245
840	265055.985940	0.004913	223945.748720	41110.232307
841	265055.986233	0.004810	223945.749056	41110.232367
842	265055.986520	0.004710	223945.749384	41110.232427
843	265055.986800	0.004611	223945.749705	41110.232485
844	265055.987075	0.004514	223945.750020	41110.232541
845	265055.987344	0.004419	223945.750328	41110.232597
846	265055.987608	0.004326	223945.750630	41110.232652
847	265055.987865	0.004236	223945.750925	41110.232705
848	265055.988118	0.004147	223945.751214	41110.232757
849	265055.988365	0.004059	223945.751498	41110.232808
850	265055.988607	0.003974	223945.751775	41110.232858
851	265055.988844	0.003891	223945.752046	41110.232907
852	265055.989077	0.003809	223945.752312	41110.232955
853	265055.989304	0.003729	223945.752572	41110.233002
854	265055.989527	0.003652	223945.752827	41110.233048
855	265055.989745	0.003576	223945.753076	41110.233093
856	265055.989959	0.003501	223945.753320	41110.233137
857	265055.990168	0.003429	223945.753559	41110.233180
858	265055.990373	0.003358	223945.753793	41110.233223
859	265055.990574	0.003288	223945.754022	41110.233264
860	265055.990771	0.003220	223945.754246	41110.233304
861	265055.990963	0.003153	223945.754466	41110.233344
862	265055.991152	0.003088	223945.754681	41110.233383
863	265055.991336	0.003024	223945.754891	41110.233421
864	265055.991517	0.002961	223945.755098	41110.233458
865	265055.991694	0.002900	223945.755299	41110.233495
866	265055.991867	0.002840	223945.755497	41110.233530
867	265055.992037	0.002781	223945.755691	41110.233565
868	265055.992203	0.002723	223945.755880	41110.233599
869	265055.992365	0.002666	223945.756066	41110.233633
870	265055.992525	0.002611	223945.756248	41110.233666
871	265055.992680	0.002557	223945.756426	41110.233698
872	265055.992833	0.002503	223945.756600	41110.233729
873	265055.992982	0.002451	223945.756771	41110.233760
874	265055.993129	0.002400	223945.756938	41110.233790
875	265055.993272	0.002350	223945.757102	41110.233820
876	265055.993412	0.002301	223945.757262	41110.233849
877	265055.993549	0.002253	223945.757419	41110.233877
878	265055.993683	0.002206	223945.757573	41110.233905
879	265055.993815	0.002159	223945.757723	41110.233932
880	265055.993944	0.002114	223945.757871	41110.233959
881	265055.994070	0.002070	223945.758015	41110.233985
882	265055.994193	0.002027	223945.758156	41110.234010
883	265055.994314	0.001984	223945.758295	41110.234035
884	265055.994433	0.001943	223945.758430	41110.234060
885	265055.994549	0.001902	223945.758563	41110.234084
886	265055.994662	0.001862	223945.758692	41110.234107
887	265055.994773	0.001824	223945.758820	41110.234130
888	265055.994882	0.001786	223945.758944	41110.234153
889	265055.994989	0.001749	223945.759066	41110.234175
890	265055.995093	0.001712	223945.759185	41110.234196
891	265055.995196	0.001677	223945.759302	41110.234217
892	265055.995296	0.001642	223945.759416	41110.234238
893	265055.995394	0.001608	223945.759528	41110.234258
894	265055.995490	0.001574	223945.759638	41110.234278
895	265055.995584	0.001542	223945.759745	41110.234297
896	265055.995676	0.001510	223945.759851	41110.234316
897	265055.995767	0.001478	223945.759954	41110.234335
898	265055.995855	0.001447	223945.760054	41110.234353
899	265055.995941	0.001417	223945.760153	41110.234371
900	265055.996026	0.001388	223945.760250	41110.234388
901	265055.996109	0.001359	223945.760345	41110.234405
902	265055.996190	0.001331	223945.760437	41110.234422
903	265055.996270	0.001303	223945.760528	41110.234439
904	265055.996347	0.001276	223945.760617	41110.234455
905	265055.996424	0.001249	223945.760704	41110.234470
906	265055.996498	0.001223	223945.760789	41110.234486
907	265055.996571	0.001198	223945.760872	41110.234501
908	265055.996642	0.001173	223945.760954	41110.234516
909	265055.996712	0.001148	223945.761034	41110.234530
910	265055.996781	0.001124	223945.761112	41110.234544
911	265055.996848	0.001101	223945.761189	41110.234558
912	265055.996913	0.001078	223945.761264	41110.234571
913	265055.996978	0.001055	223945.761338	41110.234585
914	265055.997041	0.001033	223945.761410	41110.234598
915	265055.997102	0.001012	223945.761480	41110.234610
916	265055.997163	0.000991	223945.761549	41110.234623
917	265055.997222	0.000970	223945.761617	41110.234635
918	265055.997279	0.000950	223945.761683	41110.234647
919	265055.997336	0.000930	223945.761748	41110.234659
920	265055.997392	0.000910	223945.761811	41110.234670
921	265055.997446	0.000891	223945.761873	41110.234681
922	265055.997499	0.000873	223945.761934	41110.234692
923	265055.997551	0.000855	223945.761993	41110.234703
924	265055.997602	0.000837	223945.762052	41110.234714
925	265055.997652	0.000820	223945.762109	41110.234724
926	265055.997701	0.000802	223945.762165	41110.234734
927	265055.997749	0.000786	223945.762220	41110.234744
928	265055.997796	0.000769	223945.762273	41110.234754
929	265055.997842	0.000753	223945.762326	41110.234763
930	265055.997887	0.000738	223945.762377	41110.234772
931	265055.997932	0.000722	223945.762428	41110.234782
932	265055.997975	0.000707	223945.762477	41110.234790
933	265055.998017	0.000693	223945.762525	41110.234799
934	265055.998058	0.000678	223945.762572	41110.234808
935	265055.998099	0.000664	223945.762619	41110.234816
936	265055.998139	0.000650	223945.762664	41110.234824
937	265055.998177	0.000637	223945.762708	41110.234832
938	265055.998215	0.000624	223945.762752	41110.234840
939	265055.998253	0.000611	223945.762794	41110.234848
940	265055.998289	0.000598	223945.762836	41110.234855
941	265055.998325	0.000585	223945.762877	41110.234863
942	265055.998360	0.000573	223945.762917	41110.234870
943	265055.998394	0.000561	223945.762956	41110.234877
944	265055.998427	0.000549	223945.762994	41110.234884
945	265055.998460	0.000538	223945.763031	41110.234891
946	265055.998492	0.000527	223945.763068	41110.234897
947	265055.998523	0.000516	223945.763104	41110.234904
948	265055.998554	0.000505	223945.763139	41110.234910
949	265055.998584	0.000494	223945.763174	41110.234916
950	265055.998614	0.000484	223945.763207	41110.234922
951	265055.998642	0.000474	223945.763240	41110.234928
952	265055.998671	0.000464	223945.763273	41110.234934
953	265055.998698	0.000454	223945.763304	41110.234940
954	265055.998725	0.000445	223945.763335	41110.234945
955	265055.998752	0.000436	223945.763366	41110.234951
956	265055.998778	0.000426	223945.763395	41110.234956
957	265055.998803	0.000418	223945.763424	41110.234961
958	265055.998828	0.000409	223945.763453	41110.234967
959	265055.998853	0.000400	223945.763481	41110.234972
960	265055.998877	0.000392	223945.763508	41110.234977
961	265055.998900	0.000384	223945.763535	41110.234981
962	265055.998923	0.000376	223945.763561	41110.234986
963	265055.998945	0.000368	223945.763587	41110.234991
964	265055.998967	0.000360	223945.763612	41110.234995
965	265055.998989	0.000353	223945.763636	41110.235000
966	265055.999010	0.000346	223945.763660	41110.235004
967	265055.999031	0.000339	223945.763684	41110.235008
968	265055.999051	0.000332	223945.763707	41110.235013
969	265055.999071	0.000325	223945.763730	41110.235017
970	265055.999090	0.000318	223945.763752	41110.235021
971	265055.999109	0.000311	223945.763773	41110.235025
972	265055.999128	0.000305	223945.763795	41110.235028
973	265055.999146	0.000299	223945.763816	41110.235032
974	265055.999164	0.000292	223945.763836	41110.235036
975	265055.999181	0.000286	223945.763856	41110.235039
976	265055.999199	0.000280	223945.763875	41110.235043
977	265055.999215	0.000274	223945.763894	41110.235046
978	265055.999232	0.000269	223945.763913	41110.235050
979	265055.999248	0.000263	223945.763931	41110.235053
980	265055.999263	0.000258	223945.763949	41110.235056
981	265055.999279	0.000252	223945.763967	41110.235059
982	265055.999294	0.000247	223945.763984	41110.235063
983	265055.999308	0.000242	223945.764001	41110.235066
984	265055.999323	0.000237	223945.764017	41110.235069
985	265055.999337	0.000232	223945.764034	41110.235072
986	265055.999351	0.000227	223945.764049	41110.235074
987	265055.999364	0.000222	223945.764065	41110.235077
988	265055.999377	0.000217	223945.764080	41110.235080
989	265055.999390	0.000213	223945.764095	41110.235083
990	265055.999403	0.000208	223945.764109	41110.235085
991	265055.999415	0.000204	223945.764124	41110.235088
992	265055.999428	0.000200	223945.764138	41110.235090
993	265055.999439	0.000196	223945.764151	41110.235093
994	265055.999451	0.000191	223945.764165	41110.235095
995	265055.999462	0.000187	223945.764178	41110.235097
996	265055.999474	0.000183	223945.764190	41110.235100
997	265055.999485	0.000180	223945.764203	41110.235102
998	265055.999495	0.000176	223945.764215	41110.235104
999	265055.999506	0.000172	223945.764227	41110.235106
1000	265055.999516	0.000169	223945.764239	41110.235109