day	sum	infected	cured	deceased
0	0.000000	0.000000	0.000000	0.000000
1	0.000176	0.000175	0.000000	0.000001
2	0.000440	0.000436	0.000000	0.000004
3	0.000828	0.000819	0.000000	0.000009
4	0.001402	0.001383	0.000000	0.000019
5	0.002261	0.002226	0.000000	0.000035
6	0.003545	0.003484	0.000000	0.000061
7	0.005456	0.005356	0.000000	0.000100
8	0.008285	0.008124	0.000000	0.000161
9	0.012494	0.012242	0.000000	0.000252
10	0.018777	0.018387	0.000000	0.000389
11	0.028146	0.027550	0.000000	0.000596
12	0.042011	0.041107	0.000000	0.000903
13	0.062637	0.061276	0.000000	0.001362
14	0.093428	0.091381	0.000000	0.002047
15	0.139281	0.136211	0.000000	0.003070
16	0.207262	0.202674	0.000001	0.004587
17	0.308488	0.301639	0.000002	0.006847
18	0.459386	0.449163	0.000004	0.010218
19	0.683913	0.668664	0.000009	0.015239
20	1.016961	0.994258	0.000020	0.022683
21	1.513608	1.479784	0.000044	0.033780
22	2.253703	2.203271	0.000101	0.050331
23	3.352094	3.276978	0.000219	0.074897
24	4.985297	4.873421	0.000476	0.111400
25	7.420217	7.253332	0.001063	0.165821
26	11.043831	10.794590	0.002387	0.246853
27	16.423846	16.051543	0.005186	0.367117
28	24.440037	23.882255	0.011526	0.546257
29	36.376516	35.537441	0.025986	0.813089
30	54.094919	52.829510	0.056378	1.209031
31	80.477584	78.554683	0.124701	1.798200
32	119.768245	116.811872	0.280910	2.675463
33	178.108102	173.517464	0.613333	3.977305
34	264.837610	257.582372	1.345403	5.909834
35	393.933048	382.143979	3.007240	8.781829
36	585.639858	565.958121	6.643715	13.038022
37	869.831030	836.097999	14.408422	19.324609
38	1291.872843	1231.474910	31.788833	28.609100
39	1917.031669	1804.242636	70.538081	42.250952
40	2838.584210	2625.808486	150.618011	62.157713
41	4196.115159	3780.265368	324.875121	90.974670
42	6182.752431	5357.161864	693.582748	132.007820
43	9069.353328	7436.676000	1443.094719	189.582608
44	13223.920989	10016.752318	2938.360825	268.807845
45	19097.548011	12926.441025	5798.058267	373.048719
46	27222.934825	15821.098049	10898.089913	503.746864
47	38150.546731	18159.296888	19332.464695	658.785148
48	52280.888361	19385.884512	32064.630593	830.373257
49	69691.724379	19250.542234	49434.213310	1006.968835
50	89955.483265	17950.386100	70828.349469	1176.747696
51	112102.847118	15941.766818	94829.999576	1331.080724
52	134798.715544	13653.114563	119679.983937	1465.617044
53	156674.719144	11381.609956	143713.840672	1579.268517
54	176647.783843	9289.528634	165685.234393	1673.020817
55	194081.118888	7458.537275	184873.653466	1748.928147
56	208768.574527	5921.941613	201037.148628	1809.484286
57	220816.877407	4655.166821	214304.391982	1857.318604
58	230510.350228	3630.971856	224984.567154	1894.811219
59	238202.219186	2823.349305	233454.864257	1924.005625
60	244247.120148	2188.431756	240112.023392	1946.665001
61	248966.133367	1692.095122	245309.831174	1964.207071
62	252633.341869	1306.822654	249348.759542	1977.759672
63	255474.298416	1008.928061	252477.154158	1988.216197
64	257670.530654	777.022783	254897.223929	1996.283941
65	259365.976370	598.399893	256765.076717	2002.499760
66	260673.562140	461.002428	258205.272986	2007.286725
67	261681.360926	355.012199	259315.375168	2010.973559
68	262457.761333	273.231378	260170.717193	2013.812761
69	263055.731888	210.414350	260829.319420	2015.998118
70	263516.174816	162.129948	261336.364695	2017.680173
71	263870.677557	124.700215	261727.001496	2018.975846
72	264143.593272	95.984833	262027.635553	2019.972886
73	264353.685593	73.893559	262259.051723	2020.740311
74	264515.408427	56.886460	262437.190939	2021.331029
75	264639.892921	43.745290	262574.361753	2021.785878
76	264735.715366	33.680675	262679.898866	2022.135825
77	264809.471779	25.938290	262761.128322	2022.405166
78	264866.243895	19.959962	262823.671387	2022.612545
79	264909.942560	15.365060	262871.805354	2022.772146
80	264943.578304	11.829702	262908.853614	2022.894988
81	264969.467865	9.109447	262937.368880	2022.989537
82	264989.395053	6.998430	262959.334255	2023.062368
83	265004.733544	5.391195	262976.223979	2023.118370
84	265016.539744	4.150796	262989.227462	2023.161486
85	265025.627067	3.194511	262999.237879	2023.194677
86	265032.621789	2.460222	263006.941347	2023.220220
87	265038.005485	1.893130	263012.872470	2023.239886
88	265042.149460	1.457106	263017.437333	2023.255021
89	265045.339134	1.121732	263020.950732	2023.266671
90	265047.794233	0.863500	263023.655095	2023.275638
91	265049.683928	0.663804	263025.737581	2023.282543
92	265051.138461	0.511227	263027.339380	2023.287854
93	265052.258030	0.393582	263028.572505	2023.291942
94	265053.119775	0.302976	263029.521710	2023.295090
95	265053.783074	0.233385	263030.252177	2023.297512
96	265054.293603	0.179493	263030.814733	2023.299377
97	265054.686571	0.138166	263031.247593	2023.300812
98	265054.989043	0.106363	263031.580763	2023.301917
99	265055.221856	0.081852	263031.837237	2023.302767
100	265055.401056	0.062976	263032.034658	2023.303422
101	265055.538987	0.048491	263032.186570	2023.303926
102	265055.645154	0.037327	263032.303514	2023.304313
103	265055.726872	0.028736	263032.393524	2023.304612
104	265055.789772	0.022132	263032.462798	2023.304842
105	265055.838185	0.017015	263032.516151	2023.305018
106	265055.875449	0.013100	263032.557195	2023.305155
107	265055.904132	0.010085	263032.588788	2023.305259
108	265055.926210	0.007760	263032.613109	2023.305340
109	265055.943203	0.005975	263032.631826	2023.305402
110	265055.956283	0.004605	263032.646229	2023.305450
111	265055.966350	0.003540	263032.657324	2023.305487
112	265055.974100	0.002724	263032.665860	2023.305515
113	265055.980064	0.002097	263032.672430	2023.305537
114	265055.984655	0.001615	263032.677487	2023.305553
115	265055.988189	0.001242	263032.681381	2023.305566
116	265055.990909	0.000956	263032.684376	2023.305576
117	265055.993003	0.000737	263032.686682	2023.305584
118	265055.994614	0.000567	263032.688458	2023.305590
119	265055.995854	0.000436	263032.689824	2023.305594
120	265055.996809	0.000336	263032.690875	2023.305598
121	265055.997544	0.000258	263032.691685	2023.305600
122	265055.998110	0.000199	263032.692308	2023.305603
123	265055.998545	0.000153	263032.692788	2023.305604
124	265055.998880	0.000118	263032.693157	2023.305605
125	265055.999138	0.000091	263032.693441	2023.305606
126	265055.999336	0.000070	263032.693659	2023.305607
127	265055.999489	0.000053	263032.693829	2023.305608
128	265055.999607	0.000041	263032.693958	2023.305608
129	265055.999697	0.000032	263032.694057	2023.305608
130	265055.999767	0.000025	263032.694134	2023.305609
131	265055.999821	0.000020	263032.694192	2023.305609
132	265055.999862	0.000014	263032.694239	2023.305609
133	265055.999894	0.000011	263032.694274	2023.305609
134	265055.999918	0.000008	263032.694301	2023.305609
135	265055.999937	0.000007	263032.694321	2023.305609
136	265055.999952	0.000006	263032.694337	2023.305609
137	265055.999963	0.000004	263032.694349	2023.305609
138	265055.999971	0.000002	263032.694360	2023.305609
139	265055.999978	0.000002	263032.694367	2023.305609
140	265055.999983	0.000002	263032.694372	2023.305609
141	265055.999987	0.000001	263032.694376	2023.305609
142	265055.999990	0.000001	263032.694379	2023.305609
143	265055.999992	0.000001	263032.694382	2023.305609
144	265055.999994	0.000000	263032.694385	2023.305609
145	265055.999995	0.000001	263032.694385	2023.305609
146	265055.999996	0.000000	263032.694387	2023.305609
147	265055.999997	0.000001	263032.694387	2023.305609
148	265055.999998	0.000000	263032.694389	2023.305609
149	265055.999998	0.000000	263032.694389	2023.305609
150	265055.999999	0.000000	263032.694389	2023.305609
151	265055.999999	0.000000	263032.694390	2023.305609
152	265055.999999	0.000000	263032.694390	2023.305609
153	265055.999999	0.000000	263032.694390	2023.305609
154	265056.000000	0.000000	263032.694390	2023.305609
155	265056.000000	0.000000	263032.694390	2023.305609
156	265056.000000	0.000000	263032.694390	2023.305609
157	265056.000000	0.000000	263032.694390	2023.305609
158	265056.000000	0.000000	263032.694390	2023.305609
159	265056.000000	0.000000	263032.694390	2023.305609
160	265056.000000	0.000000	263032.694390	2023.305609
161	265056.000000	0.000000	263032.694391	2023.305609
162	265056.000000	0.000000	263032.694390	2023.305609
163	265056.000000	0.000000	263032.694390	2023.305609
164	265056.000000	0.000000	263032.694391	2023.305609
165	265056.000000	0.000000	263032.694391	2023.305609
166	265056.000000	0.000000	263032.694391	2023.305609
167	265056.000000	0.000000	263032.694391	2023.305609
168	265056.000000	0.000000	263032.694391	2023.305609
169	265056.000000	0.000000	263032.694391	2023.305609
170	265056.000000	0.000000	263032.694391	2023.305609
171	265056.000000	0.000000	263032.694391	2023.305609
172	265056.000000	0.000000	263032.694391	2023.305609
173	265056.000000	0.000000	263032.694391	2023.305609
174	265056.000000	0.000000	263032.694391	2023.305609
175	265056.000000	0.000000	263032.694391	2023.305609
176	265056.000000	0.000000	263032.694391	2023.305609
177	265056.000000	0.000000	263032.694391	2023.305609
178	265056.000000	0.000000	263032.694391	2023.305609
179	265056.000000	0.000000	263032.694391	2023.305609
180	265056.000000	0.000000	263032.694391	2023.305609
181	265056.000000	0.000000	263032.694391	2023.305609
182	265056.000000	0.000000	263032.694391	2023.305609
183	265056.000000	0.000000	263032.694391	2023.305609
184	265056.000000	0.000000	263032.694391	2023.305609
185	265056.000000	0.000000	263032.694391	2023.305609
186	265056.000000	0.000000	263032.694391	2023.305609
187	265056.000000	0.000000	263032.694391	2023.305609
188	265056.000000	0.000000	263032.694391	2023.305609
189	265056.000000	0.000000	263032.694391	2023.305609
190	265056.000000	0.000000	263032.694391	2023.305609
191	265056.000000	0.000000	263032.694391	2023.305609
192	265056.000000	0.000000	263032.694391	2023.305609
193	265056.000000	0.000000	263032.694391	2023.305609
194	265056.000000	0.000000	263032.694391	2023.305609
195	265056.000000	0.000000	263032.694391	2023.305609
196	265056.000000	0.000000	263032.694391	2023.305609
197	265056.000000	0.000000	263032.694391	2023.305609
198	265056.000000	0.000000	263032.694391	2023.305609
199	265056.000000	0.000000	263032.694391	2023.305609
200	265056.000000	0.000000	263032.694391	2023.305609
201	265056.000000	0.000000	263032.694391	2023.305609
202	265056.000000	0.000000	263032.694391	2023.305609
203	265056.000000	0.000000	263032.694391	2023.305609
204	265056.000000	0.000000	263032.694391	2023.305609
205	265056.000000	0.000000	263032.694391	2023.305609
206	265056.000000	0.000000	263032.694391	2023.305609
207	265056.000000	0.000000	263032.694391	2023.305609
208	265056.000000	0.000000	263032.694391	2023.305609
209	265056.000000	0.000000	263032.694391	2023.305609
210	265056.000000	0.000000	263032.694391	2023.305609
211	265056.000000	0.000000	263032.694391	2023.305609
212	265056.000000	0.000000	263032.694391	2023.305609
213	265056.000000	0.000000	263032.694391	2023.305609
214	265056.000000	0.000000	263032.694391	2023.305609
215	265056.000000	0.000000	263032.694391	2023.305609
216	265056.000000	0.000000	263032.694391	2023.305609
217	265056.000000	0.000000	263032.694391	2023.305609
218	265056.000000	0.000000	263032.694391	2023.305609
219	265056.000000	0.000000	263032.694391	2023.305609
220	265056.000000	0.000000	263032.694391	2023.305609
221	265056.000000	0.000000	263032.694391	2023.305609
222	265056.000000	0.000000	263032.694391	2023.305609
223	265056.000000	0.000000	263032.694391	2023.305609
224	265056.000000	0.000000	263032.694391	2023.305609
225	265056.000000	0.000000	263032.694391	2023.305609
226	265056.000000	0.000000	263032.694391	2023.305609
227	265056.000000	0.000000	263032.694391	2023.305609
228	265056.000000	0.000000	263032.694391	2023.305609
229	265056.000000	0.000000	263032.694391	2023.305609
230	265056.000000	0.000000	263032.694391	2023.305609
231	265056.000000	0.000000	263032.694391	2023.305609
232	265056.000000	0.000000	263032.694391	2023.305609
233	265056.000000	0.000000	263032.694391	2023.305609
234	265056.000000	0.000000	263032.694391	2023.305609
235	265056.000000	0.000000	263032.694391	2023.305609
236	265056.000000	0.000000	263032.694391	2023.305609
237	265056.000000	0.000000	263032.694391	2023.305609
238	265056.000000	0.000000	263032.694391	2023.305609
239	265056.000000	0.000000	263032.694391	2023.305609
240	265056.000000	0.000000	263032.694391	2023.305609
241	265056.000000	0.000000	263032.694391	2023.305609
242	265056.000000	0.000000	263032.694391	2023.305609
243	265056.000000	0.000000	263032.694391	2023.305609
244	265056.000000	0.000000	263032.694391	2023.305609
245	265056.000000	0.000000	263032.694391	2023.305609
246	265056.000000	0.000000	263032.694391	2023.305609
247	265056.000000	0.000000	263032.694391	2023.305609
248	265056.000000	0.000000	263032.694391	2023.305609
249	265056.000000	0.000000	263032.694391	2023.305609
250	265056.000000	0.000000	263032.694391	2023.305609
251	265056.000000	0.000000	263032.694391	2023.305609
252	265056.000000	0.000000	263032.694391	2023.305609
253	265056.000000	0.000000	263032.694391	2023.305609
254	265056.000000	0.000000	263032.694391	2023.305609
255	265056.000000	0.000000	263032.694391	2023.305609
256	265056.000000	0.000000	263032.694391	2023.305609
257	265056.000000	0.000000	263032.694391	2023.305609
258	265056.000000	0.000000	263032.694391	2023.305609
259	265056.000000	0.000000	263032.694391	2023.305609
260	265056.000000	0.000000	263032.694391	2023.305609
261	265056.000000	0.000000	263032.694391	2023.305609
262	265056.000000	0.000000	263032.694391	2023.305609
263	265056.000000	0.000000	263032.694391	2023.305609
264	265056.000000	0.000000	263032.694391	2023.305609
265	265056.000000	0.000000	263032.694391	2023.305609
266	265056.000000	0.000000	263032.694391	2023.305609
267	265056.000000	0.000000	263032.694391	2023.305609
268	265056.000000	0.000000	263032.694391	2023.305609
269	265056.000000	0.000000	263032.694391	2023.305609
270	265056.000000	0.000000	263032.694391	2023.305609
271	265056.000000	0.000000	263032.694391	2023.305609
272	265056.000000	0.000000	263032.694391	2023.305609
273	265056.000000	0.000000	263032.694391	2023.305609
274	265056.000000	0.000000	263032.694391	2023.305609
275	265056.000000	0.000000	263032.694391	2023.305609
276	265056.000000	0.000000	263032.694391	2023.305609
277	265056.000000	0.000000	263032.694391	2023.305609
278	265056.000000	0.000000	263032.694391	2023.305609
279	265056.000000	0.000000	263032.694391	2023.305609
280	265056.000000	0.000000	263032.694391	2023.305609
281	265056.000000	0.000000	263032.694391	2023.305609
282	265056.000000	0.000000	263032.694391	2023.305609
283	265056.000000	0.000000	263032.694391	2023.305609
284	265056.000000	0.000000	263032.694391	2023.305609
285	265056.000000	0.000000	263032.694391	2023.305609
286	265056.000000	0.000000	263032.694391	2023.305609
287	265056.000000	0.000000	263032.694391	2023.305609
288	265056.000000	0.000000	263032.694391	2023.305609
289	265056.000000	0.000000	263032.694391	2023.305609
290	265056.000000	0.000000	263032.694391	2023.305609
291	265056.000000	0.000000	263032.694391	2023.305609
292	265056.000000	0.000000	263032.694391	2023.305609
293	265056.000000	0.000000	263032.694391	2023.305609
294	265056.000000	0.000000	263032.694391	2023.305609
295	265056.000000	0.000000	263032.694391	2023.305609
296	265056.000000	0.000000	263032.694391	2023.305609
297	265056.000000	0.000000	263032.694391	2023.305609
298	265056.000000	0.000000	263032.694391	2023.305609
299	265056.000000	0.000000	263032.694391	2023.305609
300	265056.000000	0.000000	263032.694391	2023.305609
301	265056.000000	0.000000	263032.694391	2023.305609
302	265056.000000	0.000000	263032.694391	2023.305609
303	265056.000000	0.000000	263032.694391	2023.305609
304	265056.000000	0.000000	263032.694391	2023.305609
305	265056.000000	0.000000	263032.694391	2023.305609
306	265056.000000	0.000000	263032.694391	2023.305609
307	265056.000000	0.000000	263032.694391	2023.305609
308	265056.000000	0.000000	263032.694391	2023.305609
309	265056.000000	0.000000	263032.694391	2023.305609
310	265056.000000	0.000000	263032.694391	2023.305609
311	265056.000000	0.000000	263032.694391	2023.305609
312	265056.000000	0.000000	263032.694391	2023.305609
313	265056.000000	0.000000	263032.694391	2023.305609
314	265056.000000	0.000000	263032.694391	2023.305609
315	265056.000000	0.000000	263032.694391	2023.305609
316	265056.000000	0.000000	263032.694391	2023.305609
317	265056.000000	0.000000	263032.694391	2023.305609
318	265056.000000	0.000000	263032.694391	2023.305609
319	265056.000000	0.000000	263032.694391	2023.305609
320	265056.000000	0.000000	263032.694391	2023.305609
321	265056.000000	0.000000	263032.694391	2023.305609
322	265056.000000	0.000000	263032.694391	2023.305609
323	265056.000000	0.000000	263032.694391	2023.305609
324	265056.000000	0.000000	263032.694391	2023.305609
325	265056.000000	0.000000	263032.694391	2023.305609
326	265056.000000	0.000000	263032.694391	2023.305609
327	265056.000000	0.000000	263032.694391	2023.305609
328	265056.000000	0.000000	263032.694391	2023.305609
329	265056.000000	0.000000	263032.694391	2023.305609
330	265056.000000	0.000000	263032.694391	2023.305609
331	265056.000000	0.000000	263032.694391	2023.305609
332	265056.000000	0.000000	263032.694391	2023.305609
333	265056.000000	0.000000	263032.694391	2023.305609
334	265056.000000	0.000000	263032.694391	2023.305609
335	265056.000000	0.000000	263032.694391	2023.305609
336	265056.000000	0.000000	263032.694391	2023.305609
337	265056.000000	0.000000	263032.694391	2023.305609
338	265056.000000	0.000000	263032.694391	2023.305609
339	265056.000000	0.000000	263032.694391	2023.305609
340	265056.000000	0.000000	263032.694391	2023.305609
341	265056.000000	0.000000	263032.694391	2023.305609
342	265056.000000	0.000000	263032.694391	2023.305609
343	265056.000000	0.000000	263032.694391	2023.305609
344	265056.000000	0.000000	263032.694391	2023.305609
345	265056.000000	0.000000	263032.694391	2023.305609
346	265056.000000	0.000000	263032.694391	2023.305609
347	265056.000000	0.000000	263032.694391	2023.305609
348	265056.000000	0.000000	263032.694391	2023.305609
349	265056.000000	0.000000	263032.694391	2023.305609
350	265056.000000	0.000000	263032.694391	2023.305609
351	265056.000000	0.000000	263032.694391	2023.305609
352	265056.000000	0.000000	263032.694391	2023.305609
353	265056.000000	0.000000	263032.694391	2023.305609
354	265056.000000	0.000000	263032.694391	2023.305609
355	265056.000000	0.000000	263032.694391	2023.305609
356	265056.000000	0.000000	263032.694391	2023.305609
357	265056.000000	0.000000	263032.694391	2023.305609
358	265056.000000	0.000000	263032.694391	2023.305609
359	265056.000000	0.000000	263032.694391	2023.305609
360	265056.000000	0.000000	263032.694391	2023.305609
361	265056.000000	0.000000	263032.694391	2023.305609
362	265056.000000	0.000000	263032.694391	2023.305609
363	265056.000000	0.000000	263032.694391	2023.305609
364	265056.000000	0.000000	263032.694391	2023.305609
365	265056.000000	0.000000	263032.694391	2023.305609
366	265056.000000	0.000000	263032.694391	2023.305609
367	265056.000000	0.000000	263032.694391	2023.305609
368	265056.000000	0.000000	263032.694391	2023.305609
369	265056.000000	0.000000	263032.694391	2023.305609
370	265056.000000	0.000000	263032.694391	2023.305609
371	265056.000000	0.000000	263032.694391	2023.305609
372	265056.000000	0.000000	263032.694391	2023.305609
373	265056.000000	0.000000	263032.694391	2023.305609
374	265056.000000	0.000000	263032.694391	2023.305609
375	265056.000000	0.000000	263032.694391	2023.305609
376	265056.000000	0.000000	263032.694391	2023.305609
377	265056.000000	0.000000	263032.694391	2023.305609
378	265056.000000	0.000000	263032.694391	2023.305609
379	265056.000000	0.000000	263032.694391	2023.305609
380	265056.000000	0.000000	263032.694391	2023.305609
381	265056.000000	0.000000	263032.694391	2023.305609
382	265056.000000	0.000000	263032.694391	2023.305609
383	265056.000000	0.000000	263032.694391	2023.305609
384	265056.000000	0.000000	263032.694391	2023.305609
385	265056.000000	0.000000	263032.694391	2023.305609
386	265056.000000	0.000000	263032.694391	2023.305609
387	265056.000000	0.000000	263032.694391	2023.305609
388	265056.000000	0.000000	263032.694391	2023.305609
389	265056.000000	0.000000	263032.694391	2023.305609
390	265056.000000	0.000000	263032.694391	2023.305609
391	265056.000000	0.000000	263032.694391	2023.305609
392	265056.000000	0.000000	263032.694391	2023.305609
393	265056.000000	0.000000	263032.694391	2023.305609
394	265056.000000	0.000000	263032.694391	2023.305609
395	265056.000000	0.000000	263032.694391	2023.305609
396	265056.000000	0.000000	263032.694391	2023.305609
397	265056.000000	0.000000	263032.694391	2023.305609
398	265056.000000	0.000000	263032.694391	2023.305609
399	265056.000000	0.000000	263032.694391	2023.305609
400	265056.000000	0.000000	263032.694391	2023.305609
401	265056.000000	0.000000	263032.694391	2023.305609
402	265056.000000	0.000000	263032.694391	2023.305609
403	265056.000000	0.000000	263032.694391	2023.305609
404	265056.000000	0.000000	263032.694391	2023.305609
405	265056.000000	0.000000	263032.694391	2023.305609
406	265056.000000	0.000000	263032.694391	2023.305609
407	265056.000000	0.000000	263032.694391	2023.305609
408	265056.000000	0.000000	263032.694391	2023.305609
409	265056.000000	0.000000	263032.694391	2023.305609
410	265056.000000	0.000000	263032.694391	2023.305609
411	265056.000000	0.000000	263032.694391	2023.305609
412	265056.000000	0.000000	263032.694391	2023.305609
413	265056.000000	0.000000	263032.694391	2023.305609
414	265056.000000	0.000000	263032.694391	2023.305609
415	265056.000000	0.000000	263032.694391	2023.305609
416	265056.000000	0.000000	263032.694391	2023.305609
417	265056.000000	0.000000	263032.694391	2023.305609
418	265056.000000	0.000000	263032.694391	2023.305609
419	265056.000000	0.000000	263032.694391	2023.305609
420	265056.000000	0.000000	263032.694391	2023.305609
421	265056.000000	0.000000	263032.694391	2023.305609
422	265056.000000	0.000000	263032.694391	2023.305609
423	265056.000000	0.000000	263032.694391	2023.305609
424	265056.000000	0.000000	263032.694391	2023.305609
425	265056.000000	0.000000	263032.694391	2023.305609
426	265056.000000	0.000000	263032.694391	2023.305609
427	265056.000000	0.000000	263032.694391	2023.305609
428	265056.000000	0.000000	263032.694391	2023.305609
429	265056.000000	0.000000	263032.694391	2023.305609
430	265056.000000	0.000000	263032.694391	2023.305609
431	265056.000000	0.000000	263032.694391	2023.305609
432	265056.000000	0.000000	263032.694391	2023.305609
433	265056.000000	0.000000	263032.694391	2023.305609
434	265056.000000	0.000000	263032.694391	2023.305609
435	265056.000000	0.000000	263032.694391	2023.305609
436	265056.000000	0.000000	263032.694391	2023.305609
437	265056.000000	0.000000	263032.694391	2023.305609
438	265056.000000	0.000000	263032.694391	2023.305609
439	265056.000000	0.000000	263032.694391	2023.305609
440	265056.000000	0.000000	263032.694391	2023.305609
441	265056.000000	0.000000	263032.694391	2023.305609
442	265056.000000	0.000000	263032.694391	2023.305609
443	265056.000000	0.000000	263032.694391	2023.305609
444	265056.000000	0.000000	263032.694391	2023.305609
445	265056.000000	0.000000	263032.694391	2023.305609
446	265056.000000	0.000000	263032.694391	2023.305609
447	265056.000000	0.000000	263032.694391	2023.305609
448	265056.000000	0.000000	263032.694391	2023.305609
449	265056.000000	0.000000	263032.694391	2023.305609
450	265056.000000	0.000000	263032.694391	2023.305609
451	265056.000000	0.000000	263032.694391	2023.305609
452	265056.000000	0.000000	263032.694391	2023.305609
453	265056.000000	0.000000	263032.694391	2023.305609
454	265056.000000	0.000000	263032.694391	2023.305609
455	265056.000000	0.000000	263032.694391	2023.305609
456	265056.000000	0.000000	263032.694391	2023.305609
457	265056.000000	0.000000	263032.694391	2023.305609
458	265056.000000	0.000000	263032.694391	2023.305609
459	265056.000000	0.000000	263032.694391	2023.305609
460	265056.000000	0.000000	263032.694391	2023.305609
461	265056.000000	0.000000	263032.694391	2023.305609
462	265056.000000	0.000000	263032.694391	2023.305609
463	265056.000000	0.000000	263032.694391	2023.305609
464	265056.000000	0.000000	263032.694391	2023.305609
465	265056.000000	0.000000	263032.694391	2023.305609
466	265056.000000	0.000000	263032.694391	2023.305609
467	265056.000000	0.000000	263032.694391	2023.305609
468	265056.000000	0.000000	263032.694391	2023.305609
469	265056.000000	0.000000	263032.694391	2023.305609
470	265056.000000	0.000000	263032.694391	2023.305609
471	265056.000000	0.000000	263032.694391	2023.305609
472	265056.000000	0.000000	263032.694391	2023.305609
473	265056.000000	0.000000	263032.694391	2023.305609
474	265056.000000	0.000000	263032.694391	2023.305609
475	265056.000000	0.000000	263032.694391	2023.305609
476	265056.000000	0.000000	263032.694391	2023.305609
477	265056.000000	0.000000	263032.694391	2023.305609
478	265056.000000	0.000000	263032.694391	2023.305609
479	265056.000000	0.000000	263032.694391	2023.305609
480	265056.000000	0.000000	263032.694391	2023.305609
481	265056.000000	0.000000	263032.694391	2023.305609
482	265056.000000	0.000000	263032.694391	2023.305609
483	265056.000000	0.000000	263032.694391	2023.305609
484	265056.000000	0.000000	263032.694391	2023.305609
485	265056.000000	0.000000	263032.694391	2023.305609
486	265056.000000	0.000000	263032.694391	2023.305609
487	265056.000000	0.000000	263032.694391	2023.305609
488	265056.000000	0.000000	263032.694391	2023.305609
489	265056.000000	0.000000	263032.694391	2023.305609
490	265056.000000	0.000000	263032.694391	2023.305609
491	265056.000000	0.000000	263032.694391	2023.305609
492	265056.000000	0.000000	263032.694391	2023.305609
493	265056.000000	0.000000	263032.694391	2023.305609
494	265056.000000	0.000000	263032.694391	2023.305609
495	265056.000000	0.000000	263032.694391	2023.305609
496	265056.000000	0.000000	263032.694391	2023.305609
497	265056.000000	0.000000	263032.694391	2023.305609
498	265056.000000	0.000000	263032.694391	2023.305609
499	265056.000000	0.000000	263032.694391	2023.305609
500	265056.000000	0.000000	263032.694391	2023.305609
501	265056.000000	0.000000	263032.694391	2023.305609
502	265056.000000	0.000000	263032.694391	2023.305609
503	265056.000000	0.000000	263032.694391	2023.305609
504	265056.000000	0.000000	263032.694391	2023.305609
505	265056.000000	0.000000	263032.694391	2023.305609
506	265056.000000	0.000000	263032.694391	2023.305609
507	265056.000000	0.000000	263032.694391	2023.305609
508	265056.000000	0.000000	263032.694391	2023.305609
509	265056.000000	0.000000	263032.694391	2023.305609
510	265056.000000	0.000000	263032.694391	2023.305609
511	265056.000000	0.000000	263032.694391	2023.305609
512	265056.000000	0.000000	263032.694391	2023.305609
513	265056.000000	0.000000	263032.694391	2023.305609
514	265056.000000	0.000000	263032.694391	2023.305609
515	265056.000000	0.000000	263032.694391	2023.305609
516	265056.000000	0.000000	263032.694391	2023.305609
517	265056.000000	0.000000	263032.694391	2023.305609
518	265056.000000	0.000000	263032.694391	2023.305609
519	265056.000000	0.000000	263032.694391	2023.305609
520	265056.000000	0.000000	263032.694391	2023.305609
521	265056.000000	0.000000	263032.694391	2023.305609
522	265056.000000	0.000000	263032.694391	2023.305609
523	265056.000000	0.000000	263032.694391	2023.305609
524	265056.000000	0.000000	263032.694391	2023.305609
525	265056.000000	0.000000	263032.694391	2023.305609
526	265056.000000	0.000000	263032.694391	2023.305609
527	265056.000000	0.000000	263032.694391	2023.305609
528	265056.000000	0.000000	263032.694391	2023.305609
529	265056.000000	0.000000	263032.694391	2023.305609
530	265056.000000	0.000000	263032.694391	2023.305609
531	265056.000000	0.000000	263032.694391	2023.305609
532	265056.000000	0.000000	263032.694391	2023.305609
533	265056.000000	0.000000	263032.694391	2023.305609
534	265056.000000	0.000000	263032.694391	2023.305609
535	265056.000000	0.000000	263032.694391	2023.305609
536	265056.000000	0.000000	263032.694391	2023.305609
537	265056.000000	0.000000	263032.694391	2023.305609
538	265056.000000	0.000000	263032.694391	2023.305609
539	265056.000000	0.000000	263032.694391	2023.305609
540	265056.000000	0.000000	263032.694391	2023.305609
541	265056.000000	0.000000	263032.694391	2023.305609
542	265056.000000	0.000000	263032.694391	2023.305609
543	265056.000000	0.000000	263032.694391	2023.305609
544	265056.000000	0.000000	263032.694391	2023.305609
545	265056.000000	0.000000	263032.694391	2023.305609
546	265056.000000	0.000000	263032.694391	2023.305609
547	265056.000000	0.000000	263032.694391	2023.305609
548	265056.000000	0.000000	263032.694391	2023.305609
549	265056.000000	0.000000	263032.694391	2023.305609
550	265056.000000	0.000000	263032.694391	2023.305609
551	265056.000000	0.000000	263032.694391	2023.305609
552	265056.000000	0.000000	263032.694391	2023.305609
553	265056.000000	0.000000	263032.694391	2023.305609
554	265056.000000	0.000000	263032.694391	2023.305609
555	265056.000000	0.000000	263032.694391	2023.305609
556	265056.000000	0.000000	263032.694391	2023.305609
557	265056.000000	0.000000	263032.694391	2023.305609
558	265056.000000	0.000000	263032.694391	2023.305609
559	265056.000000	0.000000	263032.694391	2023.305609
560	265056.000000	0.000000	263032.694391	2023.305609
561	265056.000000	0.000000	263032.694391	2023.305609
562	265056.000000	0.000000	263032.694391	2023.305609
563	265056.000000	0.000000	263032.694391	2023.305609
564	265056.000000	0.000000	263032.694391	2023.305609
565	265056.000000	0.000000	263032.694391	2023.305609
566	265056.000000	0.000000	263032.694391	2023.305609
567	265056.000000	0.000000	263032.694391	2023.305609
568	265056.000000	0.000000	263032.694391	2023.305609
569	265056.000000	0.000000	263032.694391	2023.305609
570	265056.000000	0.000000	263032.694391	2023.305609
571	265056.000000	0.000000	263032.694391	2023.305609
572	265056.000000	0.000000	263032.694391	2023.305609
573	265056.000000	0.000000	263032.694391	2023.305609
574	265056.000000	0.000000	263032.694391	2023.305609
575	265056.000000	0.000000	263032.694391	2023.305609
576	265056.000000	0.000000	263032.694391	2023.305609
577	265056.000000	0.000000	263032.694391	2023.305609
578	265056.000000	0.000000	263032.694391	2023.305609
579	265056.000000	0.000000	263032.694391	2023.305609
580	265056.000000	0.000000	263032.694391	2023.305609
581	265056.000000	0.000000	263032.694391	2023.305609
582	265056.000000	0.000000	263032.694391	2023.305609
583	265056.000000	0.000000	263032.694391	2023.305609
584	265056.000000	0.000000	263032.694391	2023.305609
585	265056.000000	0.000000	263032.694391	2023.305609
586	265056.000000	0.000000	263032.694391	2023.305609
587	265056.000000	0.000000	263032.694391	2023.305609
588	265056.000000	0.000000	263032.694391	2023.305609
589	265056.000000	0.000000	263032.694391	2023.305609
590	265056.000000	0.000000	263032.694391	2023.305609
591	265056.000000	0.000000	263032.694391	2023.305609
592	265056.000000	0.000000	263032.694391	2023.305609
593	265056.000000	0.000000	263032.694391	2023.305609
594	265056.000000	0.000000	263032.694391	2023.305609
595	265056.000000	0.000000	263032.694391	2023.305609
596	265056.000000	0.000000	263032.694391	2023.305609
597	265056.000000	0.000000	263032.694391	2023.305609
598	265056.000000	0.000000	263032.694391	2023.305609
599	265056.000000	0.000000	263032.694391	2023.305609
600	265056.000000	0.000000	263032.694391	2023.305609
601	265056.000000	0.000000	263032.694391	2023.305609
602	265056.000000	0.000000	263032.694391	2023.305609
603	265056.000000	0.000000	263032.694391	2023.305609
604	265056.000000	0.000000	263032.694391	2023.305609
605	265056.000000	0.000000	263032.694391	2023.305609
606	265056.000000	0.000000	263032.694391	2023.305609
607	265056.000000	0.000000	263032.694391	2023.305609
608	265056.000000	0.000000	263032.694391	2023.305609
609	265056.000000	0.000000	263032.694391	2023.305609
610	265056.000000	0.000000	263032.694391	2023.305609
611	265056.000000	0.000000	263032.694391	2023.305609
612	265056.000000	0.000000	263032.694391	2023.305609
613	265056.000000	0.000000	263032.694391	2023.305609
614	265056.000000	0.000000	263032.694391	2023.305609
615	265056.000000	0.000000	263032.694391	2023.305609
616	265056.000000	0.000000	263032.694391	2023.305609
617	265056.000000	0.000000	263032.694391	2023.305609
618	265056.000000	0.000000	263032.694391	2023.305609
619	265056.000000	0.000000	263032.694391	2023.305609
620	265056.000000	0.000000	263032.694391	2023.305609
621	265056.000000	0.000000	263032.694391	2023.305609
622	265056.000000	0.000000	263032.694391	2023.305609
623	265056.000000	0.000000	263032.694391	2023.305609
624	265056.000000	0.000000	263032.694391	2023.305609
625	265056.000000	0.000000	263032.694391	2023.305609
626	265056.000000	0.000000	263032.694391	2023.305609
627	265056.000000	0.000000	263032.694391	2023.305609
628	265056.000000	0.000000	263032.694391	2023.305609
629	265056.000000	0.000000	263032.694391	2023.305609
630	265056.000000	0.000000	263032.694391	2023.305609
631	265056.000000	0.000000	263032.694391	2023.305609
632	265056.000000	0.000000	263032.694391	2023.305609
633	265056.000000	0.000000	263032.694391	2023.305609
634	265056.000000	0.000000	263032.694391	2023.305609
635	265056.000000	0.000000	263032.694391	2023.305609
636	265056.000000	0.000000	263032.694391	2023.305609
637	265056.000000	0.000000	263032.694391	2023.305609
638	265056.000000	0.000000	263032.694391	2023.305609
639	265056.000000	0.000000	263032.694391	2023.305609
640	265056.000000	0.000000	263032.694391	2023.305609
641	265056.000000	0.000000	263032.694391	2023.305609
642	265056.000000	0.000000	263032.694391	2023.305609
643	265056.000000	0.000000	263032.694391	2023.305609
644	265056.000000	0.000000	263032.694391	2023.305609
645	265056.000000	0.000000	263032.694391	2023.305609
646	265056.000000	0.000000	263032.694391	2023.305609
647	265056.000000	0.000000	263032.694391	2023.305609
648	265056.000000	0.000000	263032.694391	2023.305609
649	265056.000000	0.000000	263032.694391	2023.305609
650	265056.000000	0.000000	263032.694391	2023.305609
651	265056.000000	0.000000	263032.694391	2023.305609
652	265056.000000	0.000000	263032.694391	2023.305609
653	265056.000000	0.000000	263032.694391	2023.305609
654	265056.000000	0.000000	263032.694391	2023.305609
655	265056.000000	0.000000	263032.694391	2023.305609
656	265056.000000	0.000000	263032.694391	2023.305609
657	265056.000000	0.000000	263032.694391	2023.305609
658	265056.000000	0.000000	263032.694391	2023.305609
659	265056.000000	0.000000	263032.694391	2023.305609
660	265056.000000	0.000000	263032.694391	2023.305609
661	265056.000000	0.000000	263032.694391	2023.305609
662	265056.000000	0.000000	263032.694391	2023.305609
663	265056.000000	0.000000	263032.694391	2023.305609
664	265056.000000	0.000000	263032.694391	2023.305609
665	265056.000000	0.000000	263032.694391	2023.305609
666	265056.000000	0.000000	263032.694391	2023.305609
667	265056.000000	0.000000	263032.694391	2023.305609
668	265056.000000	0.000000	263032.694391	2023.305609
669	265056.000000	0.000000	263032.694391	2023.305609
670	265056.000000	0.000000	263032.694391	2023.305609
671	265056.000000	0.000000	263032.694391	2023.305609
672	265056.000000	0.000000	263032.694391	2023.305609
673	265056.000000	0.000000	263032.694391	2023.305609
674	265056.000000	0.000000	263032.694391	2023.305609
675	265056.000000	0.000000	263032.694391	2023.305609
676	265056.000000	0.000000	263032.694391	2023.305609
677	265056.000000	0.000000	263032.694391	2023.305609
678	265056.000000	0.000000	263032.694391	2023.305609
679	265056.000000	0.000000	263032.694391	2023.305609
680	265056.000000	0.000000	263032.694391	2023.305609
681	265056.000000	0.000000	263032.694391	2023.305609
682	265056.000000	0.000000	263032.694391	2023.305609
683	265056.000000	0.000000	263032.694391	2023.305609
684	265056.000000	0.000000	263032.694391	2023.305609
685	265056.000000	0.000000	263032.694391	2023.305609
686	265056.000000	0.000000	263032.694391	2023.305609
687	265056.000000	0.000000	263032.694391	2023.305609
688	265056.000000	0.000000	263032.694391	2023.305609
689	265056.000000	0.000000	263032.694391	2023.305609
690	265056.000000	0.000000	263032.694391	2023.305609
691	265056.000000	0.000000	263032.694391	2023.305609
692	265056.000000	0.000000	263032.694391	2023.305609
693	265056.000000	0.000000	263032.694391	2023.305609
694	265056.000000	0.000000	263032.694391	2023.305609
695	265056.000000	0.000000	263032.694391	2023.305609
696	265056.000000	0.000000	263032.694391	2023.305609
697	265056.000000	0.000000	263032.694391	2023.305609
698	265056.000000	0.000000	263032.694391	2023.305609
699	265056.000000	0.000000	263032.694391	2023.305609
700	265056.000000	0.000000	263032.694391	2023.305609
701	265056.000000	0.000000	263032.694391	2023.305609
702	265056.000000	0.000000	263032.694391	2023.305609
703	265056.000000	0.000000	263032.694391	2023.305609
704	265056.000000	0.000000	263032.694391	2023.305609
705	265056.000000	0.000000	263032.694391	2023.305609
706	265056.000000	0.000000	263032.694391	2023.305609
707	265056.000000	0.000000	263032.694391	2023.305609
708	265056.000000	0.000000	263032.694391	2023.305609
709	265056.000000	0.000000	263032.694391	2023.305609
710	265056.000000	0.000000	263032.694391	2023.305609
711	265056.000000	0.000000	263032.694391	2023.305609
712	265056.000000	0.000000	263032.694391	2023.305609
713	265056.000000	0.000000	263032.694391	2023.305609
714	265056.000000	0.000000	263032.694391	2023.305609
715	265056.000000	0.000000	263032.694391	2023.305609
716	265056.000000	0.000000	263032.694391	2023.305609
717	265056.000000	0.000000	263032.694391	2023.305609
718	265056.000000	0.000000	263032.694391	2023.305609
719	265056.000000	0.000000	263032.694391	2023.305609
720	265056.000000	0.000000	263032.694391	2023.305609
721	265056.000000	0.000000	263032.694391	2023.305609
722	265056.000000	0.000000	263032.694391	2023.305609
723	265056.000000	0.000000	263032.694391	2023.305609
724	265056.000000	0.000000	263032.694391	2023.305609
725	265056.000000	0.000000	263032.694391	2023.305609
726	265056.000000	0.000000	263032.694391	2023.305609
727	265056.000000	0.000000	263032.694391	2023.305609
728	265056.000000	0.000000	263032.694391	2023.305609
729	265056.000000	0.000000	263032.694391	2023.305609
730	265056.000000	0.000000	263032.694391	2023.305609
731	265056.000000	0.000000	263032.694391	2023.305609
732	265056.000000	0.000000	263032.694391	2023.305609
733	265056.000000	0.000000	263032.694391	2023.305609
734	265056.000000	0.000000	263032.694391	2023.305609
735	265056.000000	0.000000	263032.694391	2023.305609
736	265056.000000	0.000000	263032.694391	2023.305609
737	265056.000000	0.000000	263032.694391	2023.305609
738	265056.000000	0.000000	263032.694391	2023.305609
739	265056.000000	0.000000	263032.694391	2023.305609
740	265056.000000	0.000000	263032.694391	2023.305609
741	265056.000000	0.000000	263032.694391	2023.305609
742	265056.000000	0.000000	263032.694391	2023.305609
743	265056.000000	0.000000	263032.694391	2023.305609
744	265056.000000	0.000000	263032.694391	2023.305609
745	265056.000000	0.000000	263032.694391	2023.305609
746	265056.000000	0.000000	263032.694391	2023.305609
747	265056.000000	0.000000	263032.694391	2023.305609
748	265056.000000	0.000000	263032.694391	2023.305609
749	265056.000000	0.000000	263032.694391	2023.305609
750	265056.000000	0.000000	263032.694391	2023.305609
751	265056.000000	0.000000	263032.694391	2023.305609
752	265056.000000	0.000000	263032.694391	2023.305609
753	265056.000000	0.000000	263032.694391	2023.305609
754	265056.000000	0.000000	263032.694391	2023.305609
755	265056.000000	0.000000	263032.694391	2023.305609
756	265056.000000	0.000000	263032.694391	2023.305609
757	265056.000000	0.000000	263032.694391	2023.305609
758	265056.000000	0.000000	263032.694391	2023.305609
759	265056.000000	0.000000	263032.694391	2023.305609
760	265056.000000	0.000000	263032.694391	2023.305609
761	265056.000000	0.000000	263032.694391	2023.305609
762	265056.000000	0.000000	263032.694391	2023.305609
763	265056.000000	0.000000	263032.694391	2023.305609
764	265056.000000	0.000000	263032.694391	2023.305609
765	265056.000000	0.000000	263032.694391	2023.305609
766	265056.000000	0.000000	263032.694391	2023.305609
767	265056.000000	0.000000	263032.694391	2023.305609
768	265056.000000	0.000000	263032.694391	2023.305609
769	265056.000000	0.000000	263032.694391	2023.305609
770	265056.000000	0.000000	263032.694391	2023.305609
771	265056.000000	0.000000	263032.694391	2023.305609
772	265056.000000	0.000000	263032.694391	2023.305609
773	265056.000000	0.000000	263032.694391	2023.305609
774	265056.000000	0.000000	263032.694391	2023.305609
775	265056.000000	0.000000	263032.694391	2023.305609
776	265056.000000	0.000000	263032.694391	2023.305609
777	265056.000000	0.000000	263032.694391	2023.305609
778	265056.000000	0.000000	263032.694391	2023.305609
779	265056.000000	0.000000	263032.694391	2023.305609
780	265056.000000	0.000000	263032.694391	2023.305609
781	265056.000000	0.000000	263032.694391	2023.305609
782	265056.000000	0.000000	263032.694391	2023.305609
783	265056.000000	0.000000	263032.694391	2023.305609
784	265056.000000	0.000000	263032.694391	2023.305609
785	265056.000000	0.000000	263032.694391	2023.305609
786	265056.000000	0.000000	263032.694391	2023.305609
787	265056.000000	0.000000	263032.694391	2023.305609
788	265056.000000	0.000000	263032.694391	2023.305609
789	265056.000000	0.000000	263032.694391	2023.305609
790	265056.000000	0.000000	263032.694391	2023.305609
791	265056.000000	0.000000	263032.694391	2023.305609
792	265056.000000	0.000000	263032.694391	2023.305609
793	265056.000000	0.000000	263032.694391	2023.305609
794	265056.000000	0.000000	263032.694391	2023.305609
795	265056.000000	0.000000	263032.694391	2023.305609
796	265056.000000	0.000000	263032.694391	2023.305609
797	265056.000000	0.000000	263032.694391	2023.305609
798	265056.000000	0.000000	263032.694391	2023.305609
799	265056.000000	0.000000	263032.694391	2023.305609
800	265056.000000	0.000000	263032.694391	2023.305609
801	265056.000000	0.000000	263032.694391	2023.305609
802	265056.000000	0.000000	263032.694391	2023.305609
803	265056.000000	0.000000	263032.694391	2023.305609
804	265056.000000	0.000000	263032.694391	2023.305609
805	265056.000000	0.000000	263032.694391	2023.305609
806	265056.000000	0.000000	263032.694391	2023.305609
807	265056.000000	0.000000	263032.694391	2023.305609
808	265056.000000	0.000000	263032.694391	2023.305609
809	265056.000000	0.000000	263032.694391	2023.305609
810	265056.000000	0.000000	263032.694391	2023.305609
811	265056.000000	0.000000	263032.694391	2023.305609
812	265056.000000	0.000000	263032.694391	2023.305609
813	265056.000000	0.000000	263032.694391	2023.305609
814	265056.000000	0.000000	263032.694391	2023.305609
815	265056.000000	0.000000	263032.694391	2023.305609
816	265056.000000	0.000000	263032.694391	2023.305609
817	265056.000000	0.000000	263032.694391	2023.305609
818	265056.000000	0.000000	263032.694391	2023.305609
819	265056.000000	0.000000	263032.694391	2023.305609
820	265056.000000	0.000000	263032.694391	2023.305609
821	265056.000000	0.000000	263032.694391	2023.305609
822	265056.000000	0.000000	263032.694391	2023.305609
823	265056.000000	0.000000	263032.694391	2023.305609
824	265056.000000	0.000000	263032.694391	2023.305609
825	265056.000000	0.000000	263032.694391	2023.305609
826	265056.000000	0.000000	263032.694391	2023.305609
827	265056.000000	0.000000	263032.694391	2023.305609
828	265056.000000	0.000000	263032.694391	2023.305609
829	265056.000000	0.000000	263032.694391	2023.305609
830	265056.000000	0.000000	263032.694391	2023.305609
831	265056.000000	0.000000	263032.694391	2023.305609
832	265056.000000	0.000000	263032.694391	2023.305609
833	265056.000000	0.000000	263032.694391	2023.305609
834	265056.000000	0.000000	263032.694391	2023.305609
835	265056.000000	0.000000	263032.694391	2023.305609
836	265056.000000	0.000000	263032.694391	2023.305609
837	265056.000000	0.000000	263032.694391	2023.305609
838	265056.000000	0.000000	263032.694391	2023.305609
839	265056.000000	0.000000	263032.694391	2023.305609
840	265056.000000	0.000000	263032.694391	2023.305609
841	265056.000000	0.000000	263032.694391	2023.305609
842	265056.000000	0.000000	263032.694391	2023.305609
843	265056.000000	0.000000	263032.694391	2023.305609
844	265056.000000	0.000000	263032.694391	2023.305609
845	265056.000000	0.000000	263032.694391	2023.305609
846	265056.000000	0.000000	263032.694391	2023.305609
847	265056.000000	0.000000	263032.694391	2023.305609
848	265056.000000	0.000000	263032.694391	2023.305609
849	265056.000000	0.000000	263032.694391	2023.305609
850	265056.000000	0.000000	263032.694391	2023.305609
851	265056.000000	0.000000	263032.694391	2023.305609
852	265056.000000	0.000000	263032.694391	2023.305609
853	265056.000000	0.000000	263032.694391	2023.305609
854	265056.000000	0.000000	263032.694391	2023.305609
855	265056.000000	0.000000	263032.694391	2023.305609
856	265056.000000	0.000000	263032.694391	2023.305609
857	265056.000000	0.000000	263032.694391	2023.305609
858	265056.000000	0.000000	263032.694391	2023.305609
859	265056.000000	0.000000	263032.694391	2023.305609
860	265056.000000	0.000000	263032.694391	2023.305609
861	265056.000000	0.000000	263032.694391	2023.305609
862	265056.000000	0.000000	263032.694391	2023.305609
863	265056.000000	0.000000	263032.694391	2023.305609
864	265056.000000	0.000000	263032.694391	2023.305609
865	265056.000000	0.000000	263032.694391	2023.305609
866	265056.000000	0.000000	263032.694391	2023.305609
867	265056.000000	0.000000	263032.694391	2023.305609
868	265056.000000	0.000000	263032.694391	2023.305609
869	265056.000000	0.000000	263032.694391	2023.305609
870	265056.000000	0.000000	263032.694391	2023.305609
871	265056.000000	0.000000	263032.694391	2023.305609
872	265056.000000	0.000000	263032.694391	2023.305609
873	265056.000000	0.000000	263032.694391	2023.305609
874	265056.000000	0.000000	263032.694391	2023.305609
875	265056.000000	0.000000	263032.694391	2023.305609
876	265056.000000	0.000000	263032.694391	2023.305609
877	265056.000000	0.000000	263032.694391	2023.305609
878	265056.000000	0.000000	263032.694391	2023.305609
879	265056.000000	0.000000	263032.694391	2023.305609
880	265056.000000	0.000000	263032.694391	2023.305609
881	265056.000000	0.000000	263032.694391	2023.305609
882	265056.000000	0.000000	263032.694391	2023.305609
883	265056.000000	0.000000	263032.694391	2023.305609
884	265056.000000	0.000000	263032.694391	2023.305609
885	265056.000000	0.000000	263032.694391	2023.305609
886	265056.000000	0.000000	263032.694391	2023.305609
887	265056.000000	0.000000	263032.694391	2023.305609
888	265056.000000	0.000000	263032.694391	2023.305609
889	265056.000000	0.000000	263032.694391	2023.305609
890	265056.000000	0.000000	263032.694391	2023.305609
891	265056.000000	0.000000	263032.694391	2023.305609
892	265056.000000	0.000000	263032.694391	2023.305609
893	265056.000000	0.000000	263032.694391	2023.305609
894	265056.000000	0.000000	263032.694391	2023.305609
895	265056.000000	0.000000	263032.694391	2023.305609
896	265056.000000	0.000000	263032.694391	2023.305609
897	265056.000000	0.000000	263032.694391	2023.305609
898	265056.000000	0.000000	263032.694391	2023.305609
899	265056.000000	0.000000	263032.694391	2023.305609
900	265056.000000	0.000000	263032.694391	2023.305609
901	265056.000000	0.000000	263032.694391	2023.305609
902	265056.000000	0.000000	263032.694391	2023.305609
903	265056.000000	0.000000	263032.694391	2023.305609
904	265056.000000	0.000000	263032.694391	2023.305609
905	265056.000000	0.000000	263032.694391	2023.305609
906	265056.000000	0.000000	263032.694391	2023.305609
907	265056.000000	0.000000	263032.694391	2023.305609
908	265056.000000	0.000000	263032.694391	2023.305609
909	265056.000000	0.000000	263032.694391	2023.305609
910	265056.000000	0.000000	263032.694391	2023.305609
911	265056.000000	0.000000	263032.694391	2023.305609
912	265056.000000	0.000000	263032.694391	2023.305609
913	265056.000000	0.000000	263032.694391	2023.305609
914	265056.000000	0.000000	263032.694391	2023.305609
915	265056.000000	0.000000	263032.694391	2023.305609
916	265056.000000	0.000000	263032.694391	2023.305609
917	265056.000000	0.000000	263032.694391	2023.305609
918	265056.000000	0.000000	263032.694391	2023.305609
919	265056.000000	0.000000	263032.694391	2023.305609
920	265056.000000	0.000000	263032.694391	2023.305609
921	265056.000000	0.000000	263032.694391	2023.305609
922	265056.000000	0.000000	263032.694391	2023.305609
923	265056.000000	0.000000	263032.694391	2023.305609
924	265056.000000	0.000000	263032.694391	2023.305609
925	265056.000000	0.000000	263032.694391	2023.305609
926	265056.000000	0.000000	263032.694391	2023.305609
927	265056.000000	0.000000	263032.694391	2023.305609
928	265056.000000	0.000000	263032.694391	2023.305609
929	265056.000000	0.000000	263032.694391	2023.305609
930	265056.000000	0.000000	263032.694391	2023.305609
931	265056.000000	0.000000	263032.694391	2023.305609
932	265056.000000	0.000000	263032.694391	2023.305609
933	265056.000000	0.000000	263032.694391	2023.305609
934	265056.000000	0.000000	263032.694391	2023.305609
935	265056.000000	0.000000	263032.694391	2023.305609
936	265056.000000	0.000000	263032.694391	2023.305609
937	265056.000000	0.000000	263032.694391	2023.305609
938	265056.000000	0.000000	263032.694391	2023.305609
939	265056.000000	0.000000	263032.694391	2023.305609
940	265056.000000	0.000000	263032.694391	2023.305609
941	265056.000000	0.000000	263032.694391	2023.305609
942	265056.000000	0.000000	263032.694391	2023.305609
943	265056.000000	0.000000	263032.694391	2023.305609
944	265056.000000	0.000000	263032.694391	2023.305609
945	265056.000000	0.000000	263032.694391	2023.305609
946	265056.000000	0.000000	263032.694391	2023.305609
947	265056.000000	0.000000	263032.694391	2023.305609
948	265056.000000	0.000000	263032.694391	2023.305609
949	265056.000000	0.000000	263032.694391	2023.305609
950	265056.000000	0.000000	263032.694391	2023.305609
951	265056.000000	0.000000	263032.694391	2023.305609
952	265056.000000	0.000000	263032.694391	2023.305609
953	265056.000000	0.000000	263032.694391	2023.305609
954	265056.000000	0.000000	263032.694391	2023.305609
955	265056.000000	0.000000	263032.694391	2023.305609
956	265056.000000	0.000000	263032.694391	2023.305609
957	265056.000000	0.000000	263032.694391	2023.305609
958	265056.000000	0.000000	263032.694391	2023.305609
959	265056.000000	0.000000	263032.694391	2023.305609
960	265056.000000	0.000000	263032.694391	2023.305609
961	265056.000000	0.000000	263032.694391	2023.305609
962	265056.000000	0.000000	263032.694391	2023.305609
963	265056.000000	0.000000	263032.694391	2023.305609
964	265056.000000	0.000000	263032.694391	2023.305609
965	265056.000000	0.000000	263032.694391	2023.305609
966	265056.000000	0.000000	263032.694391	2023.305609
967	265056.000000	0.000000	263032.694391	2023.305609
968	265056.000000	0.000000	263032.694391	2023.305609
969	265056.000000	0.000000	263032.694391	2023.305609
970	265056.000000	0.000000	263032.694391	2023.305609
971	265056.000000	0.000000	263032.694391	2023.305609
972	265056.000000	0.000000	263032.694391	2023.305609
973	265056.000000	0.000000	263032.694391	2023.305609
974	265056.000000	0.000000	263032.694391	2023.305609
975	265056.000000	0.000000	263032.694391	2023.305609
976	265056.000000	0.000000	263032.694391	2023.305609
977	265056.000000	0.000000	263032.694391	2023.305609
978	265056.000000	0.000000	263032.694391	2023.305609
979	265056.000000	0.000000	263032.694391	2023.305609
980	265056.000000	0.000000	263032.694391	2023.305609
981	265056.000000	0.000000	263032.694391	2023.305609
982	265056.000000	0.000000	263032.694391	2023.305609
983	265056.000000	0.000000	263032.694391	2023.305609
984	265056.000000	0.000000	263032.694391	2023.305609
985	265056.000000	0.000000	263032.694391	2023.305609
986	265056.000000	0.000000	263032.694391	2023.305609
987	265056.000000	0.000000	263032.694391	2023.305609
988	265056.000000	0.000000	263032.694391	2023.305609
989	265056.000000	0.000000	263032.694391	2023.305609
990	265056.000000	0.000000	263032.694391	2023.305609
991	265056.000000	0.000000	263032.694391	2023.305609
992	265056.000000	0.000000	263032.694391	2023.305609
993	265056.000000	0.000000	263032.694391	2023.305609
994	265056.000000	0.000000	263032.694391	2023.305609
995	265056.000000	0.000000	263032.694391	2023.305609
996	265056.000000	0.000000	263032.694391	2023.305609
997	265056.000000	0.000000	263032.694391	2023.305609
998	265056.000000	0.000000	263032.694391	2023.305609
999	265056.000000	0.000000	263032.694391	2023.305609
1000	265056.000000	0.000000	263032.694391	2023.305609